MAG_Id	total_length	num_contigs	N50	GC_content	Anvio-Comp	Anvio-Red	Unique_markers	Multicopy	Domain
TARA_ANE_MAG_00001	1826698	77	31204	28.59	97.48	3.75	43	0	Bacteria
TARA_ANE_MAG_00002	3133556	10	658627	58.63	98.47	5.63	43	0	Bacteria
TARA_ANE_MAG_00003	1602643	140	16475	43.12	95.45	2.72	43	0	Bacteria
TARA_ANE_MAG_00004	2301261	65	71969	39.61	94.70	2.21	41	0	Bacteria
TARA_ANE_MAG_00005	2402163	115	38648	54.97	96.67	4.83	42	0	Bacteria
TARA_ANE_MAG_00006	1424655	69	37360	35.18	96.09	4.38	43	0	Bacteria
TARA_ANE_MAG_00007	2448482	282	11448	67.39	94.90	3.20	42	0	Bacteria
TARA_ANE_MAG_00008	1713062	85	31681	41.29	96.62	5.00	41	0	Bacteria
TARA_ANE_MAG_00009	5226535	317	23634	62.49	98.06	6.76	41	1	Bacteria
TARA_ANE_MAG_00010	1667110	86	30841	37.23	92.89	1.77	40	1	Bacteria
TARA_ANE_MAG_00011	2368516	57	62552	39.95	94.68	3.75	41	1	Bacteria
TARA_ANE_MAG_00012	1104700	39	64284	40.01	94.83	5.21	40	3	Bacteria
TARA_ANE_MAG_00013	2029860	253	10689	57.33	91.98	2.51	40	0	Bacteria
TARA_ANE_MAG_00014	946546	64	24056	30.75	96.94	7.51	42	1	Bacteria
TARA_ANE_MAG_00015	1459822	118	19080	39.86	94.02	4.92	41	0	Bacteria
TARA_ANE_MAG_00016	1991194	173	17152	31.35	94.40	5.99	42	0	Bacteria
TARA_ANE_MAG_00017	853034	32	37802	29.03	90.35	3.31	41	0	Bacteria
TARA_ANE_MAG_00018	1079517	115	12585	34.64	90.05	3.12	38	3	Bacteria
TARA_ANE_MAG_00020	1274336	19	110203	28.26	86.38	1.25	34	0	Bacteria
TARA_ANE_MAG_00021	2215790	215	14038	42.66	89.98	5.88	40	1	Bacteria
TARA_ANE_MAG_00022	2656647	396	8044	43.66	86.47	2.42	38	1	Bacteria
TARA_ANE_MAG_00023	1451325	189	8715	32.12	86.78	2.79	39	0	Bacteria
TARA_ANE_MAG_00025	1934443	145	18039	58.51	86.00	2.79	35	0	Bacteria
TARA_ANE_MAG_00026	1357143	206	7876	30.55	86.55	3.67	40	1	Bacteria
TARA_ANE_MAG_00028	1236140	114	15607	30.53	83.35	0.92	36	0	Bacteria
TARA_ANE_MAG_00029	1511996	116	19256	31.39	84.55	2.68	36	1	Bacteria
TARA_ANE_MAG_00031	2158947	382	6503	44.11	86.02	5.03	38	0	Bacteria
TARA_ANE_MAG_00032	1808585	276	8016	57.53	85.16	4.88	37	2	Bacteria
TARA_ANE_MAG_00033	1063449	128	9901	34.64	89.75	9.61	37	2	Bacteria
TARA_ANE_MAG_00034	1271082	236	5644	36.89	84.72	4.70	39	1	Bacteria
TARA_ANE_MAG_00035	866617	105	10809	29.22	84.20	4.19	36	0	Bacteria
TARA_ANE_MAG_00036	1200065	116	15268	28.20	82.72	3.24	35	0	Bacteria
TARA_ANE_MAG_00037	3266448	194	23973	51.78	86.07	6.90	32	1	Bacteria
TARA_ANE_MAG_00038	3563869	516	8040	54.96	83.46	4.30	36	1	Bacteria
TARA_ANE_MAG_00039	1212848	143	10864	30.58	81.21	2.11	34	0	Bacteria
TARA_ANE_MAG_00040	1640092	78	35044	27.89	83.35	4.60	27	1	Bacteria
TARA_ANE_MAG_00041	1515503	156	12222	28.30	82.72	4.72	34	0	Bacteria
TARA_ANE_MAG_00043	1590729	198	11275	30.64	81.50	3.96	32	0	Bacteria
TARA_ANE_MAG_00044	1112456	184	7136	28.89	81.38	3.89	38	0	Bacteria
TARA_ANE_MAG_00045	1851283	308	6678	51.94	80.17	3.13	38	0	Bacteria
TARA_ANE_MAG_00046	1897268	369	5543	37.92	82.00	5.17	34	0	Bacteria
TARA_ANE_MAG_00047	655103	75	10525	39.40	78.34	1.72	36	1	Bacteria
TARA_ANE_MAG_00048	1063669	204	5480	34.75	78.52	2.35	41	0	Bacteria
TARA_ANE_MAG_00049	989609	143	8411	34.02	77.09	1.26	27	0	Bacteria
TARA_ANE_MAG_00050	958701	149	7917	35.58	80.17	4.39	36	2	Bacteria
TARA_ANE_MAG_00051	1129719	126	11917	28.58	78.15	2.84	29	0	Bacteria
TARA_ANE_MAG_00053	654139	105	7097	32.06	76.65	1.61	34	1	Bacteria
TARA_ANE_MAG_00054	932675	167	6042	31.03	76.03	1.03	34	0	Bacteria
TARA_ANE_MAG_00056	1524396	105	20748	39.68	78.62	4.27	32	0	Bacteria
TARA_ANE_MAG_00057	2370711	379	7460	55.04	78.63	5.36	35	0	Bacteria
TARA_ANE_MAG_00058	1512383	227	7422	37.62	75.41	2.30	35	1	Bacteria
TARA_ANE_MAG_00059	1921614	352	5939	65.71	76.31	4.16	36	0	Bacteria
TARA_ANE_MAG_00060	1291471	99	19182	38.41	74.97	3.02	30	0	Bacteria
TARA_ANE_MAG_00061	967588	141	8243	28.77	73.55	2.17	31	0	Bacteria
TARA_ANE_MAG_00062	1386981	254	5981	42.30	72.40	1.77	35	0	Bacteria
TARA_ANE_MAG_00064	1233586	270	4697	39.88	78.42	8.20	38	2	Bacteria
TARA_ANE_MAG_00066	1221441	276	4451	38.30	73.54	4.47	34	0	Bacteria
TARA_ANE_MAG_00067	1938314	164	18169	31.91	70.83	1.99	26	0	Bacteria
TARA_ANE_MAG_00068	1094701	192	6609	27.81	71.46	3.26	28	1	Bacteria
TARA_ANE_MAG_00069	2090499	236	11176	32.37	72.95	5.78	23	9	Bacteria
TARA_ANE_MAG_00070	980282	171	6122	31.39	70.29	3.44	34	1	Bacteria
TARA_ANE_MAG_00071	846969	133	7465	29.45	74.13	7.54	32	4	Bacteria
TARA_ANE_MAG_00072	2555799	570	4524	34.81	65.46	0.00	20	0	Bacteria
TARA_ANE_MAG_00073	1471377	256	6438	37.45	70.15	4.86	31	0	Bacteria
TARA_ANE_MAG_00074	2017898	297	7920	61.86	70.29	5.33	29	0	Bacteria
TARA_ANE_MAG_00075	3138207	610	5704	58.71	66.51	1.83	27	0	Bacteria
TARA_ANE_MAG_00076	1184128	227	5608	44.56	71.53	7.00	34	2	Bacteria
TARA_ANE_MAG_00077	2359266	477	5250	58.15	66.40	2.06	30	1	Bacteria
TARA_ANE_MAG_00078	1977950	307	7996	48.48	72.23	8.03	25	7	Bacteria
TARA_ANE_MAG_00079	2334614	436	6016	38.73	65.33	3.08	31	1	Bacteria
TARA_ANE_MAG_00080	2018150	390	5610	54.18	67.49	5.81	26	1	Bacteria
TARA_ANE_MAG_00081	2147585	492	4361	48.17	60.44	3.63	29	1	Bacteria
TARA_ANE_MAG_00082	2907096	589	5155	42.61	57.65	6.47	24	4	Bacteria
TARA_ANE_MAG_00083	2313498	514	4544	47.72	52.08	0.94	20	0	Bacteria
TARA_ANE_MAG_00084	4003387	107	54342	44.96	52.56	3.87	13	0	Bacteria
TARA_ANE_MAG_00085	3423600	662	5631	50.00	48.10	1.83	17	0	Bacteria
TARA_ANE_MAG_00087	3171046	630	5338	48.93	33.96	1.72	8	0	Bacteria
TARA_ANE_MAG_00089	3246719	657	5171	52.31	31.94	1.43	9	0	Bacteria
TARA_ANE_MAG_00092	3160019	503	7075	44.08	20.61	1.99	2	0	Bacteria
TARA_ANE_MAG_00094	2084911	592	3382	60.30	22.46	5.51	4	1	Bacteria
TARA_ANE_MAG_00095	2013794	437	4789	45.11	12.96	0.00	1	0	Bacteria
TARA_ANE_MAG_00096	2071192	474	4300	44.71	10.11	0.23	2	0	Bacteria
TARA_ANW_MAG_00001	3686209	15	411334	62.38	98.69	4.20	43	0	Bacteria
TARA_ANW_MAG_00002	3031081	179	25594	63.50	98.87	4.56	43	0	Bacteria
TARA_ANW_MAG_00003	2383660	26	147783	48.58	98.87	4.82	43	0	Bacteria
TARA_ANW_MAG_00004	2825991	51	77408	54.69	98.65	4.82	43	0	Bacteria
TARA_ANW_MAG_00005	2343823	21	203212	42.78	98.29	5.05	43	0	Bacteria
TARA_ANW_MAG_00006	5485499	112	76792	54.23	98.11	5.59	43	0	Bacteria
TARA_ANW_MAG_00007	4419433	353	17998	48.42	95.27	3.00	41	1	Bacteria
TARA_ANW_MAG_00008	2983999	100	47054	45.10	96.35	4.56	42	0	Bacteria
TARA_ANW_MAG_00009	5050254	86	98958	64.90	96.53	4.82	43	0	Bacteria
TARA_ANW_MAG_00010	2730469	372	8749	39.51	96.71	5.58	42	1	Bacteria
TARA_ANW_MAG_00011	4118582	237	27640	64.18	96.99	6.01	43	0	Bacteria
TARA_ANW_MAG_00012	2187424	236	12022	34.51	92.67	1.90	41	1	Bacteria
TARA_ANW_MAG_00013	2062092	144	26966	31.01	94.24	4.16	42	0	Bacteria
TARA_ANW_MAG_00014	2774374	209	19951	57.89	93.79	4.33	42	0	Bacteria
TARA_ANW_MAG_00015	4707613	42	199635	50.00	92.19	2.75	41	0	Bacteria
TARA_ANW_MAG_00016	866720	59	20628	33.52	90.86	1.77	41	0	Bacteria
TARA_ANW_MAG_00017	4802337	60	170966	52.89	91.79	2.75	41	0	Bacteria
TARA_ANW_MAG_00018	2300803	279	9934	38.26	95.59	6.55	42	1	Bacteria
TARA_ANW_MAG_00019	3991736	487	10488	58.72	91.20	4.27	42	1	Bacteria
TARA_ANW_MAG_00020	3989233	192	31982	60.63	93.54	6.93	40	0	Bacteria
TARA_ANW_MAG_00021	1581522	55	42099	29.86	89.98	3.42	38	0	Bacteria
TARA_ANW_MAG_00022	5422980	944	6367	55.54	90.29	4.07	41	2	Bacteria
TARA_ANW_MAG_00023	1467503	147	13753	30.13	87.88	3.65	40	0	Bacteria
TARA_ANW_MAG_00025	1013203	196	5539	34.11	88.00	4.92	39	2	Bacteria
TARA_ANW_MAG_00026	1602682	95	27912	27.77	88.85	5.84	36	0	Bacteria
TARA_ANW_MAG_00027	633839	5	206415	39.47	85.19	2.28	39	1	Bacteria
TARA_ANW_MAG_00028	868128	8	211838	44.40	84.51	1.65	38	1	Bacteria
TARA_ANW_MAG_00029	1235550	209	6570	29.11	85.34	2.97	37	0	Bacteria
TARA_ANW_MAG_00030	1869178	124	27761	27.64	85.69	5.84	32	7	Bacteria
TARA_ANW_MAG_00031	2155750	404	5616	40.13	81.09	2.39	40	0	Bacteria
TARA_ANW_MAG_00032	2005933	276	9031	39.67	86.91	8.30	35	5	Bacteria
TARA_ANW_MAG_00034	1404930	193	9192	28.02	84.00	5.91	37	0	Bacteria
TARA_ANW_MAG_00035	2657195	378	8705	48.96	81.61	3.55	33	1	Bacteria
TARA_ANW_MAG_00036	3386422	289	17150	64.38	83.46	5.77	31	0	Bacteria
TARA_ANW_MAG_00037	5009243	913	6019	68.00	83.32	5.73	35	0	Bacteria
TARA_ANW_MAG_00038	754332	57	16059	28.74	78.13	0.86	38	0	Bacteria
TARA_ANW_MAG_00039	5055328	1002	5346	56.60	79.75	3.29	34	0	Bacteria
TARA_ANW_MAG_00040	3168685	470	8006	61.71	80.16	4.85	30	1	Bacteria
TARA_ANW_MAG_00041	1676457	332	5539	46.92	79.50	4.74	39	2	Bacteria
TARA_ANW_MAG_00042	1263428	151	11751	31.13	80.18	5.44	34	0	Bacteria
TARA_ANW_MAG_00044	1224834	219	6113	30.33	76.44	2.91	27	0	Bacteria
TARA_ANW_MAG_00048	1171140	92	17916	31.34	75.03	2.90	40	0	Bacteria
TARA_ANW_MAG_00049	1404808	93	34970	36.25	74.40	3.46	28	0	Bacteria
TARA_ANW_MAG_00050	1205652	219	6070	45.18	75.87	5.05	38	0	Bacteria
TARA_ANW_MAG_00051	707381	48	30669	28.39	71.88	1.10	38	0	Bacteria
TARA_ANW_MAG_00052	1364737	229	6982	44.67	76.55	6.19	33	1	Bacteria
TARA_ANW_MAG_00053	787141	128	6424	34.75	73.21	2.94	35	0	Bacteria
TARA_ANW_MAG_00054	1415007	157	11458	42.32	71.36	1.26	32	0	Bacteria
TARA_ANW_MAG_00055	1123121	226	5407	42.87	70.77	2.62	25	1	Bacteria
TARA_ANW_MAG_00056	2837143	420	8017	56.35	69.94	1.90	27	0	Bacteria
TARA_ANW_MAG_00057	1981511	152	16537	37.64	71.22	3.64	22	0	Bacteria
TARA_ANW_MAG_00058	2299386	537	4250	53.58	76.96	9.79	36	4	Bacteria
TARA_ANW_MAG_00059	3331133	655	5507	61.95	75.46	8.67	36	1	Bacteria
TARA_ANW_MAG_00060	1006534	252	4070	57.25	72.26	7.60	37	1	Bacteria
TARA_ANW_MAG_00061	1149603	33	51128	36.82	70.39	5.90	29	0	Bacteria
TARA_ANW_MAG_00062	2164139	475	4651	47.92	70.59	6.51	31	2	Bacteria
TARA_ANW_MAG_00063	6764723	1390	5048	51.15	67.15	4.01	28	2	Bacteria
TARA_ANW_MAG_00064	1194586	120	18524	28.03	70.21	8.87	25	1	Bacteria
TARA_ANW_MAG_00065	5058444	705	8789	50.42	67.35	8.62	20	0	Bacteria
TARA_ANW_MAG_00066	2299262	417	5986	65.69	57.14	3.86	15	0	Bacteria
TARA_ANW_MAG_00067	2235982	465	5145	41.10	52.59	1.36	20	0	Bacteria
TARA_ANW_MAG_00068	2733339	279	14462	50.85	54.07	4.45	20	0	Bacteria
TARA_ANW_MAG_00069	2211370	374	6776	41.15	44.39	4.09	10	0	Bacteria
TARA_ANW_MAG_00070	2068611	461	4432	61.24	38.30	0.41	11	1	Bacteria
TARA_ANW_MAG_00072	2210463	589	3756	52.54	28.46	0.63	13	0	Bacteria
TARA_ANW_MAG_00073	2223039	294	10268	39.84	25.37	0.54	15	0	Bacteria
TARA_ANW_MAG_00076	5101853	1283	3878	35.92	20.79	1.62	15	1	Bacteria
TARA_ANW_MAG_00077	2297205	262	11226	48.10	18.90	0.18	6	0	Bacteria
TARA_ANW_MAG_00082	3186425	558	6361	38.91	12.59	1.08	7	0	Bacteria
TARA_ANW_MAG_00087	2714349	423	7601	35.78	4.84	0.36	4	0	Bacteria
TARA_ASE_MAG_00001	3419659	44	126711	51.55	95.53	5.63	42	0	Bacteria
TARA_ASE_MAG_00002	3666930	146	41224	37.72	95.28	5.59	43	0	Bacteria
TARA_ASE_MAG_00003	4242118	608	8193	35.74	93.51	5.66	41	1	Bacteria
TARA_ASE_MAG_00004	2390320	158	23244	51.95	94.69	8.44	36	5	Bacteria
TARA_ASE_MAG_00005	2140986	288	9104	54.96	86.15	2.95	37	0	Bacteria
TARA_ASE_MAG_00006	2981946	545	6001	60.11	86.64	4.56	42	0	Bacteria
TARA_ASE_MAG_00007	1647928	330	5246	44.81	85.13	4.58	39	3	Bacteria
TARA_ASE_MAG_00008	1160037	48	47723	30.75	79.26	5.12	27	0	Bacteria
TARA_ASE_MAG_00010	3184547	598	5933	56.79	80.23	6.21	34	1	Bacteria
TARA_ASE_MAG_00012	898180	96	10676	35.85	73.63	3.13	39	1	Bacteria
TARA_ASE_MAG_00013	1276601	137	13307	30.78	72.95	2.76	29	1	Bacteria
TARA_ASE_MAG_00014	1584976	256	6981	44.43	76.77	6.60	29	2	Bacteria
TARA_ASE_MAG_00015	1872923	304	6996	39.52	76.32	6.55	30	1	Bacteria
TARA_ASE_MAG_00017	713096	173	4004	32.26	76.06	6.60	35	5	Bacteria
TARA_ASE_MAG_00019	2068822	499	4231	48.78	72.64	3.81	34	1	Bacteria
TARA_ASE_MAG_00020	2066896	473	4387	54.88	68.15	1.86	35	0	Bacteria
TARA_ASE_MAG_00021	2485612	302	11051	35.99	64.35	0.98	26	0	Bacteria
TARA_ASE_MAG_00022	2274327	378	6755	51.33	52.95	4.85	20	1	Bacteria
TARA_ASE_MAG_00023	3385614	378	11843	44.93	40.09	1.83	14	0	Bacteria
TARA_ASE_MAG_00025	5244766	1371	3687	37.64	29.05	4.68	13	3	Bacteria
TARA_ASE_MAG_00027	2072055	408	5329	51.54	23.28	0.00	13	0	Bacteria
TARA_ASE_MAG_00028	2401790	684	3394	50.89	26.54	3.70	12	0	Bacteria
TARA_ASE_MAG_00029	2634469	437	6669	36.02	21.79	1.75	10	0	Bacteria
TARA_ASE_MAG_00031	2195948	459	4655	44.01	16.54	0.18	3	0	Bacteria
TARA_ASW_MAG_00001	2270481	83	46097	44.05	97.61	4.20	43	0	Bacteria
TARA_ASW_MAG_00002	4012046	28	214194	62.29	98.65	5.36	43	0	Bacteria
TARA_ASW_MAG_00003	1431901	14	175086	30.98	96.71	3.98	43	0	Bacteria
TARA_ASW_MAG_00004	3202824	282	14735	51.70	95.99	5.72	40	2	Bacteria
TARA_ASW_MAG_00005	1992647	175	16226	34.41	89.87	0.92	40	1	Bacteria
TARA_ASW_MAG_00006	3084735	84	55861	58.45	96.85	7.90	43	0	Bacteria
TARA_ASW_MAG_00007	1459058	311	4394	62.89	89.51	1.10	41	1	Bacteria
TARA_ASW_MAG_00008	3571655	265	18420	61.57	93.89	5.51	35	0	Bacteria
TARA_ASW_MAG_00009	3295614	182	28252	65.43	93.77	7.53	39	1	Bacteria
TARA_ASW_MAG_00010	2239951	154	24364	70.12	90.67	4.74	38	1	Bacteria
TARA_ASW_MAG_00012	4451478	104	64927	35.97	89.12	3.82	31	0	Bacteria
TARA_ASW_MAG_00014	1502364	328	4620	52.96	82.48	3.71	37	0	Bacteria
TARA_ASW_MAG_00015	1186771	158	9734	42.47	79.75	1.59	39	0	Bacteria
TARA_ASW_MAG_00016	2623217	434	7044	58.49	83.57	6.79	31	2	Bacteria
TARA_ASW_MAG_00018	2217978	184	17183	37.64	76.63	1.66	33	0	Bacteria
TARA_ASW_MAG_00020	734295	79	11566	31.44	76.09	1.83	37	1	Bacteria
TARA_ASW_MAG_00022	2027223	504	4038	62.45	71.17	1.32	32	0	Bacteria
TARA_ASW_MAG_00023	1594234	30	86473	35.16	74.26	4.47	27	3	Bacteria
TARA_ASW_MAG_00025	860883	143	7472	44.63	71.20	4.96	28	2	Bacteria
TARA_ASW_MAG_00026	2014761	191	14127	69.02	63.47	2.52	24	0	Bacteria
TARA_ASW_MAG_00027	2394703	500	4971	65.62	58.06	1.21	21	0	Bacteria
TARA_ASW_MAG_00028	3147825	382	10747	45.09	43.08	1.48	15	0	Bacteria
TARA_ASW_MAG_00029	3864562	181	33768	61.57	44.97	6.17	7	0	Bacteria
TARA_ASW_MAG_00030	2679253	339	10566	61.35	39.53	4.27	8	0	Bacteria
TARA_ASW_MAG_00031	2212212	419	5754	57.82	33.83	0.41	7	0	Bacteria
TARA_ASW_MAG_00033	2135916	592	3501	45.90	25.86	1.62	10	0	Bacteria
TARA_ASW_MAG_00044	2373764	652	3598	39.78	11.81	2.30	2	0	Bacteria
TARA_ION_MAG_00001	2070973	83	31708	43.48	98.65	4.11	42	1	Bacteria
TARA_ION_MAG_00002	3232488	92	53659	67.40	98.29	3.93	43	0	Bacteria
TARA_ION_MAG_00003	2330767	8	1188021	47.59	98.69	4.82	43	0	Bacteria
TARA_ION_MAG_00004	3376283	40	129173	52.36	98.33	4.82	43	0	Bacteria
TARA_ION_MAG_00005	4164337	54	135871	68.05	98.65	5.77	43	0	Bacteria
TARA_ION_MAG_00006	1398014	104	19430	30.62	93.21	0.63	42	0	Bacteria
TARA_ION_MAG_00007	3414069	312	16720	48.85	96.35	3.77	42	0	Bacteria
TARA_ION_MAG_00008	3013386	81	54341	58.47	94.64	2.61	42	0	Bacteria
TARA_ION_MAG_00009	1912389	60	57586	44.59	95.44	3.46	40	0	Bacteria
TARA_ION_MAG_00010	3397202	141	40015	65.49	96.76	4.92	37	0	Bacteria
TARA_ION_MAG_00011	957642	45	31837	30.06	96.35	4.60	43	0	Bacteria
TARA_ION_MAG_00012	1332144	51	41033	32.35	93.50	2.13	41	0	Bacteria
TARA_ION_MAG_00013	1989346	206	12441	40.72	94.92	4.04	41	0	Bacteria
TARA_ION_MAG_00014	4469063	110	57949	52.39	97.48	8.07	42	1	Bacteria
TARA_ION_MAG_00015	2980441	91	54194	70.12	94.70	5.51	34	2	Bacteria
TARA_ION_MAG_00016	2566670	80	69866	44.09	92.26	4.60	40	0	Bacteria
TARA_ION_MAG_00017	3389873	184	36571	47.58	93.87	6.40	40	1	Bacteria
TARA_ION_MAG_00018	779316	62	17416	31.19	88.86	1.99	42	0	Bacteria
TARA_ION_MAG_00019	3352308	478	8722	53.23	92.27	5.95	40	1	Bacteria
TARA_ION_MAG_00020	943990	118	11019	33.96	88.38	2.32	41	0	Bacteria
TARA_ION_MAG_00021	3230972	494	7610	43.50	86.04	0.23	33	0	Bacteria
TARA_ION_MAG_00022	1307001	159	10441	27.94	89.89	4.29	33	0	Bacteria
TARA_ION_MAG_00023	3076003	136	38979	63.35	90.56	5.85	39	0	Bacteria
TARA_ION_MAG_00024	905795	118	9507	43.48	88.66	4.38	41	1	Bacteria
TARA_ION_MAG_00025	6266622	630	13172	59.05	87.98	4.90	33	0	Bacteria
TARA_ION_MAG_00026	1674225	243	8185	64.43	86.56	4.00	39	3	Bacteria
TARA_ION_MAG_00027	2170694	209	16172	46.63	89.06	6.58	40	1	Bacteria
TARA_ION_MAG_00028	1032139	173	6849	46.07	82.76	1.59	38	0	Bacteria
TARA_ION_MAG_00029	2680014	361	9004	63.84	82.19	2.07	32	0	Bacteria
TARA_ION_MAG_00030	923008	69	19636	31.68	85.16	5.14	34	3	Bacteria
TARA_ION_MAG_00031	1635760	257	7547	38.35	81.94	2.68	38	1	Bacteria
TARA_ION_MAG_00032	3679393	231	23602	56.82	84.16	4.94	29	0	Bacteria
TARA_ION_MAG_00035	1319630	217	6775	31.07	81.82	4.20	39	0	Bacteria
TARA_ION_MAG_00036	1734754	256	7836	37.42	79.43	2.90	39	0	Bacteria
TARA_ION_MAG_00037	3189943	605	5834	39.54	79.83	3.53	37	0	Bacteria
TARA_ION_MAG_00038	1215632	122	13928	28.72	80.92	4.64	27	0	Bacteria
TARA_ION_MAG_00039	1530244	289	5523	29.75	80.64	4.89	30	0	Bacteria
TARA_ION_MAG_00041	2015395	353	6375	42.34	76.16	1.77	34	0	Bacteria
TARA_ION_MAG_00042	1865483	348	5608	54.41	76.96	2.80	35	2	Bacteria
TARA_ION_MAG_00043	1967998	302	7834	34.09	76.89	2.75	36	1	Bacteria
TARA_ION_MAG_00045	1068602	215	5225	36.07	78.33	6.34	36	2	Bacteria
TARA_ION_MAG_00046	847736	126	8236	31.09	73.87	2.28	31	0	Bacteria
TARA_ION_MAG_00047	2067447	333	7487	36.03	73.41	2.46	28	1	Bacteria
TARA_ION_MAG_00048	1573997	391	3882	54.79	74.88	4.44	34	1	Bacteria
TARA_ION_MAG_00049	1256771	228	5936	38.36	70.56	0.18	33	1	Bacteria
TARA_ION_MAG_00050	467414	44	15057	31.79	71.93	2.13	37	2	Bacteria
TARA_ION_MAG_00051	2587706	562	4843	43.90	72.24	2.70	32	0	Bacteria
TARA_ION_MAG_00052	602911	69	12390	32.42	74.80	5.37	33	3	Bacteria
TARA_ION_MAG_00053	635503	34	33356	29.02	73.43	4.05	26	0	Bacteria
TARA_ION_MAG_00054	593001	52	19471	33.00	73.92	5.10	37	1	Bacteria
TARA_ION_MAG_00055	1230383	248	5239	52.88	71.13	3.13	35	0	Bacteria
TARA_ION_MAG_00056	1879694	391	5054	51.29	72.39	4.89	35	1	Bacteria
TARA_ION_MAG_00057	1553598	303	5542	34.02	71.25	3.75	34	0	Bacteria
TARA_ION_MAG_00058	5118753	132	58905	64.78	71.43	4.05	22	0	Bacteria
TARA_ION_MAG_00059	2385132	624	3744	46.29	72.84	7.43	37	0	Bacteria
TARA_ION_MAG_00060	1634903	353	4802	27.74	70.43	5.56	30	1	Bacteria
TARA_ION_MAG_00061	3384611	594	6266	59.18	57.00	3.33	23	0	Bacteria
TARA_ION_MAG_00062	2626023	298	11839	64.96	54.04	0.63	14	0	Bacteria
TARA_ION_MAG_00063	2931211	184	20955	63.90	49.99	1.90	13	0	Bacteria
TARA_ION_MAG_00064	2133473	535	3983	34.91	44.09	4.05	10	0	Bacteria
TARA_ION_MAG_00065	2471135	358	8004	61.14	41.32	4.45	14	0	Bacteria
TARA_ION_MAG_00067	2941447	345	10655	51.65	40.14	5.63	8	1	Bacteria
TARA_ION_MAG_00069	3836682	241	25253	44.92	38.00	5.36	7	0	Bacteria
TARA_ION_MAG_00070	2257910	350	7258	49.41	27.12	0.80	7	0	Bacteria
TARA_ION_MAG_00074	2827442	615	4741	35.50	3.71	0.00	2	0	Bacteria
TARA_IOS_MAG_00001	2081161	47	70934	46.64	96.81	1.14	43	0	Bacteria
TARA_IOS_MAG_00002	2229706	90	35945	47.54	98.47	4.56	43	0	Bacteria
TARA_IOS_MAG_00003	4064019	41	188567	59.37	98.65	4.74	43	0	Bacteria
TARA_IOS_MAG_00004	2981990	79	55332	48.33	97.61	4.49	43	0	Bacteria
TARA_IOS_MAG_00005	3237345	23	233608	48.64	96.85	3.75	43	0	Bacteria
TARA_IOS_MAG_00006	3234375	124	40083	65.04	97.88	4.82	40	0	Bacteria
TARA_IOS_MAG_00007	4062480	124	53673	66.40	97.84	4.78	41	0	Bacteria
TARA_IOS_MAG_00008	3359870	72	81492	63.90	97.48	4.74	43	0	Bacteria
TARA_IOS_MAG_00009	3979872	61	109581	68.57	98.47	5.77	43	0	Bacteria
TARA_IOS_MAG_00010	1800217	88	26905	40.82	94.18	2.46	42	0	Bacteria
TARA_IOS_MAG_00011	1769542	178	13844	42.99	92.93	1.77	39	0	Bacteria
TARA_IOS_MAG_00012	1152042	76	22309	29.04	96.58	5.52	41	1	Bacteria
TARA_IOS_MAG_00013	5490803	613	11912	58.88	96.40	7.58	42	1	Bacteria
TARA_IOS_MAG_00014	3606855	309	17164	51.27	94.46	5.66	41	1	Bacteria
TARA_IOS_MAG_00015	982818	54	27885	31.69	90.98	2.21	42	0	Bacteria
TARA_IOS_MAG_00016	1769221	184	13928	29.93	94.24	6.17	38	3	Bacteria
TARA_IOS_MAG_00017	2258247	210	15147	38.70	91.63	4.01	40	2	Bacteria
TARA_IOS_MAG_00018	3477938	555	7212	57.36	88.78	1.83	41	0	Bacteria
TARA_IOS_MAG_00019	2176465	336	7875	32.62	92.68	7.42	39	3	Bacteria
TARA_IOS_MAG_00020	1450534	94	23648	28.98	90.84	5.95	36	0	Bacteria
TARA_IOS_MAG_00021	1204041	122	13727	43.95	89.29	5.23	42	0	Bacteria
TARA_IOS_MAG_00023	4138368	81	86124	63.74	89.84	6.13	31	1	Bacteria
TARA_IOS_MAG_00024	895557	94	12955	28.61	90.75	7.18	42	0	Bacteria
TARA_IOS_MAG_00025	833487	75	15072	32.52	84.44	1.66	37	0	Bacteria
TARA_IOS_MAG_00026	1599775	365	4398	52.14	85.69	4.21	40	2	Bacteria
TARA_IOS_MAG_00027	2156714	377	6329	66.02	86.69	5.74	39	0	Bacteria
TARA_IOS_MAG_00028	1610285	199	10677	41.32	89.18	8.29	38	0	Bacteria
TARA_IOS_MAG_00029	2507845	353	8263	53.90	85.47	5.41	35	0	Bacteria
TARA_IOS_MAG_00031	1474611	200	9888	29.74	78.61	0.63	34	0	Bacteria
TARA_IOS_MAG_00032	830192	131	7355	33.39	82.18	4.64	38	3	Bacteria
TARA_IOS_MAG_00033	2003483	201	13255	56.63	81.39	4.09	37	0	Bacteria
TARA_IOS_MAG_00034	2273956	370	7017	58.10	80.72	3.60	33	0	Bacteria
TARA_IOS_MAG_00035	3247475	512	7579	49.43	78.15	1.25	31	0	Bacteria
TARA_IOS_MAG_00036	1111341	225	5354	47.71	79.95	3.13	35	0	Bacteria
TARA_IOS_MAG_00037	674727	81	11375	32.91	77.23	0.85	37	0	Bacteria
TARA_IOS_MAG_00040	1148126	233	5498	34.81	78.31	2.79	36	2	Bacteria
TARA_IOS_MAG_00041	3169777	526	6853	54.52	76.50	2.09	31	0	Bacteria
TARA_IOS_MAG_00042	1091690	228	4962	38.22	75.29	1.36	32	2	Bacteria
TARA_IOS_MAG_00043	1142596	43	39749	29.92	75.09	1.26	35	0	Bacteria
TARA_IOS_MAG_00044	2267338	323	8819	51.12	76.49	2.70	35	0	Bacteria
TARA_IOS_MAG_00046	1601565	241	8256	52.83	78.51	5.14	39	1	Bacteria
TARA_IOS_MAG_00048	1072262	198	5956	32.53	72.34	0.36	34	0	Bacteria
TARA_IOS_MAG_00049	1938880	421	4775	48.22	72.21	2.13	34	0	Bacteria
TARA_IOS_MAG_00050	1469026	119	19811	34.34	75.46	5.70	35	2	Bacteria
TARA_IOS_MAG_00051	1337394	230	6369	27.26	75.20	5.93	25	1	Bacteria
TARA_IOS_MAG_00052	1763461	229	9802	30.92	72.71	4.09	25	0	Bacteria
TARA_IOS_MAG_00053	704182	108	8266	31.10	73.10	4.77	36	0	Bacteria
TARA_IOS_MAG_00054	821453	164	5646	32.72	71.69	3.38	34	0	Bacteria
TARA_IOS_MAG_00055	1983425	444	4489	50.48	71.18	2.93	35	0	Bacteria
TARA_IOS_MAG_00056	1337953	292	4792	40.82	71.92	5.29	34	3	Bacteria
TARA_IOS_MAG_00057	3008856	489	7295	56.05	72.41	6.13	37	0	Bacteria
TARA_IOS_MAG_00058	2278176	478	5115	52.66	62.93	2.15	27	0	Bacteria
TARA_IOS_MAG_00059	2317905	468	5045	41.10	60.51	2.80	28	1	Bacteria
TARA_IOS_MAG_00060	2848082	476	6689	57.30	61.93	7.83	24	1	Bacteria
TARA_IOS_MAG_00061	2227962	382	6618	53.31	49.38	4.23	21	0	Bacteria
TARA_IOS_MAG_00062	2188516	565	3887	62.61	44.77	1.26	16	0	Bacteria
TARA_IOS_MAG_00063	2753388	107	39800	56.45	42.19	2.46	7	0	Bacteria
TARA_IOS_MAG_00064	2244211	555	4035	63.61	41.01	2.15	20	0	Bacteria
TARA_IOS_MAG_00065	2013982	438	4784	50.99	37.99	1.79	14	0	Bacteria
TARA_IOS_MAG_00066	3094410	693	4610	65.06	37.10	1.12	9	0	Bacteria
TARA_IOS_MAG_00067	2931784	357	10818	57.96	38.12	4.09	14	0	Bacteria
TARA_IOS_MAG_00069	2768772	664	4215	59.87	32.44	3.20	7	0	Bacteria
TARA_IOS_MAG_00070	2207053	424	5523	50.87	29.13	1.17	12	0	Bacteria
TARA_MED_MAG_00001	1412765	25	80000	29.08	96.58	2.17	42	0	Bacteria
TARA_MED_MAG_00002	1431420	37	60279	34.12	95.45	1.77	42	0	Bacteria
TARA_MED_MAG_00003	3362945	77	65336	50.59	95.95	2.53	42	0	Bacteria
TARA_MED_MAG_00004	2106270	141	21624	58.72	96.99	3.80	42	0	Bacteria
TARA_MED_MAG_00005	1647124	120	20668	33.26	94.81	1.72	41	1	Bacteria
TARA_MED_MAG_00006	2951863	29	193837	45.84	97.84	4.92	43	0	Bacteria
TARA_MED_MAG_00007	2997082	11	476665	58.67	98.47	5.63	43	0	Bacteria
TARA_MED_MAG_00008	2307908	220	13796	56.41	97.43	4.78	42	1	Bacteria
TARA_MED_MAG_00009	1174934	110	17168	42.41	94.96	2.44	42	0	Bacteria
TARA_MED_MAG_00010	2737786	224	17615	37.84	95.41	2.95	43	0	Bacteria
TARA_MED_MAG_00011	2170755	121	30718	38.29	95.45	3.09	42	0	Bacteria
TARA_MED_MAG_00012	1663360	100	25409	42.85	95.19	2.84	41	0	Bacteria
TARA_MED_MAG_00013	1262638	41	40000	29.00	95.86	3.53	43	0	Bacteria
TARA_MED_MAG_00014	4390070	204	35233	47.86	96.67	4.56	42	0	Bacteria
TARA_MED_MAG_00015	1779538	54	54932	37.62	96.31	4.27	42	1	Bacteria
TARA_MED_MAG_00016	1639879	19	120000	28.75	96.45	4.51	43	0	Bacteria
TARA_MED_MAG_00017	2869724	171	29118	42.80	95.91	4.00	43	0	Bacteria
TARA_MED_MAG_00018	1550848	45	47111	33.21	94.73	2.84	42	0	Bacteria
TARA_MED_MAG_00019	1524236	70	37484	26.42	95.82	3.93	42	0	Bacteria
TARA_MED_MAG_00020	1576433	35	73507	27.45	95.64	4.00	42	0	Bacteria
TARA_MED_MAG_00021	2315206	90	50935	34.03	94.87	3.53	42	0	Bacteria
TARA_MED_MAG_00022	1808860	23	158931	38.41	94.35	3.06	41	0	Bacteria
TARA_MED_MAG_00023	1928213	26	121416	44.25	95.37	4.09	42	0	Bacteria
TARA_MED_MAG_00024	1872758	130	28877	43.11	95.14	3.93	42	0	Bacteria
TARA_MED_MAG_00025	1258022	70	35739	28.32	94.51	3.35	41	0	Bacteria
TARA_MED_MAG_00026	1378810	71	43262	38.81	92.53	1.59	42	0	Bacteria
TARA_MED_MAG_00027	1825475	233	9462	29.65	92.48	1.55	42	0	Bacteria
TARA_MED_MAG_00028	1537072	29	80000	34.38	94.15	3.53	43	0	Bacteria
TARA_MED_MAG_00029	2295313	53	93296	51.91	95.86	5.37	40	1	Bacteria
TARA_MED_MAG_00030	1775473	204	11918	42.66	96.98	6.72	43	0	Bacteria
TARA_MED_MAG_00031	3397978	337	14092	55.25	95.01	4.78	43	0	Bacteria
TARA_MED_MAG_00032	1252970	47	45406	31.40	92.78	2.80	42	0	Bacteria
TARA_MED_MAG_00033	1761443	42	72734	44.12	93.68	3.82	40	0	Bacteria
TARA_MED_MAG_00034	1959070	204	12125	47.58	91.07	1.36	41	0	Bacteria
TARA_MED_MAG_00035	1551707	186	10141	37.49	92.64	3.49	41	0	Bacteria
TARA_MED_MAG_00036	2210280	231	13461	42.27	90.91	1.77	42	0	Bacteria
TARA_MED_MAG_00037	2884649	67	67301	64.85	98.33	9.27	38	2	Bacteria
TARA_MED_MAG_00038	2950023	348	10743	52.59	93.93	5.01	42	0	Bacteria
TARA_MED_MAG_00039	1367825	50	38371	28.11	93.62	4.70	40	1	Bacteria
TARA_MED_MAG_00040	1716686	142	19067	35.90	89.69	1.10	40	1	Bacteria
TARA_MED_MAG_00041	3616687	299	18788	49.05	90.16	2.17	41	0	Bacteria
TARA_MED_MAG_00042	1495481	110	27281	27.63	90.42	2.75	41	0	Bacteria
TARA_MED_MAG_00043	1095487	41	37133	29.80	92.35	4.71	43	0	Bacteria
TARA_MED_MAG_00044	1979555	206	12572	43.02	91.59	4.49	42	1	Bacteria
TARA_MED_MAG_00045	1948575	234	10583	53.58	89.16	2.42	41	0	Bacteria
TARA_MED_MAG_00046	2959786	90	70003	53.13	91.62	4.96	43	0	Bacteria
TARA_MED_MAG_00047	1531601	121	17229	47.19	90.24	3.82	38	0	Bacteria
TARA_MED_MAG_00048	1531502	243	7478	62.21	91.67	5.48	41	0	Bacteria
TARA_MED_MAG_00049	1389229	20	110017	29.78	87.80	1.70	41	0	Bacteria
TARA_MED_MAG_00050	1396903	200	8302	28.92	89.91	3.89	41	0	Bacteria
TARA_MED_MAG_00051	967888	90	15672	31.15	88.75	2.84	38	0	Bacteria
TARA_MED_MAG_00052	1678367	107	32916	44.11	89.81	4.16	39	1	Bacteria
TARA_MED_MAG_00054	1233820	18	100248	29.27	88.63	3.89	40	0	Bacteria
TARA_MED_MAG_00055	1381381	107	19287	46.76	87.53	2.80	41	0	Bacteria
TARA_MED_MAG_00056	2649290	344	9444	52.56	91.02	6.55	40	1	Bacteria
TARA_MED_MAG_00057	1812124	90	29831	53.84	89.30	5.18	30	1	Bacteria
TARA_MED_MAG_00058	3389560	375	11475	51.70	90.12	6.03	37	0	Bacteria
TARA_MED_MAG_00059	1210435	95	25059	33.50	89.74	5.74	41	0	Bacteria
TARA_MED_MAG_00061	970962	82	15346	35.35	89.21	5.34	37	0	Bacteria
TARA_MED_MAG_00062	1283464	190	8032	36.01	91.45	7.60	42	1	Bacteria
TARA_MED_MAG_00063	1652883	220	9676	34.10	87.96	4.18	39	0	Bacteria
TARA_MED_MAG_00064	1112207	139	10234	33.13	87.50	3.75	41	0	Bacteria
TARA_MED_MAG_00065	1791206	63	52671	42.95	87.94	4.20	38	0	Bacteria
TARA_MED_MAG_00066	1166754	41	34460	30.27	87.36	3.93	41	0	Bacteria
TARA_MED_MAG_00067	1295446	28	72714	33.54	87.62	4.20	40	0	Bacteria
TARA_MED_MAG_00068	2571986	370	7912	52.61	87.68	4.71	39	1	Bacteria
TARA_MED_MAG_00069	1485384	141	14652	34.70	84.47	1.54	36	0	Bacteria
TARA_MED_MAG_00070	886127	112	10503	31.40	90.79	8.09	39	1	Bacteria
TARA_MED_MAG_00071	852559	119	8461	32.00	86.22	3.76	41	0	Bacteria
TARA_MED_MAG_00072	1996491	332	6935	36.77	84.01	1.66	37	0	Bacteria
TARA_MED_MAG_00073	1545674	258	6854	52.68	86.78	4.49	40	0	Bacteria
TARA_MED_MAG_00074	2446339	208	17628	45.34	85.95	4.31	35	0	Bacteria
TARA_MED_MAG_00076	1475546	86	22424	37.40	84.50	3.20	40	0	Bacteria
TARA_MED_MAG_00077	2025414	110	31587	32.47	84.48	3.53	37	0	Bacteria
TARA_MED_MAG_00078	1717290	205	10828	42.48	86.61	5.69	36	0	Bacteria
TARA_MED_MAG_00081	731674	17	60721	30.05	83.97	3.35	42	0	Bacteria
TARA_MED_MAG_00082	1820885	108	25506	50.69	84.05	3.46	29	0	Bacteria
TARA_MED_MAG_00083	1572137	176	11263	56.49	84.30	3.82	36	0	Bacteria
TARA_MED_MAG_00084	1370752	220	7392	28.76	83.00	2.86	35	0	Bacteria
TARA_MED_MAG_00085	2598995	330	9819	55.28	86.25	6.95	37	1	Bacteria
TARA_MED_MAG_00086	3341961	296	18280	51.99	83.98	5.08	29	0	Bacteria
TARA_MED_MAG_00087	1220351	191	7028	35.11	81.71	3.08	38	1	Bacteria
TARA_MED_MAG_00088	337575	15	27708	33.10	80.33	1.73	41	0	Bacteria
TARA_MED_MAG_00089	1333209	58	29653	34.43	80.39	1.88	29	0	Bacteria
TARA_MED_MAG_00090	2141649	249	11066	38.16	78.70	0.63	33	0	Bacteria
TARA_MED_MAG_00091	1929551	327	6976	37.86	81.04	3.08	40	0	Bacteria
TARA_MED_MAG_00092	1407426	188	9597	35.40	80.70	2.84	34	0	Bacteria
TARA_MED_MAG_00093	1206176	73	30768	30.79	81.06	3.53	38	0	Bacteria
TARA_MED_MAG_00094	1502839	277	5515	40.64	84.50	7.01	41	0	Bacteria
TARA_MED_MAG_00096	778050	110	8674	34.41	77.04	0.76	35	1	Bacteria
TARA_MED_MAG_00097	982411	168	6725	36.08	79.83	4.74	35	0	Bacteria
TARA_MED_MAG_00098	1290602	206	7497	35.68	75.30	1.12	32	1	Bacteria
TARA_MED_MAG_00099	665338	90	10158	36.08	74.26	0.41	34	0	Bacteria
TARA_MED_MAG_00100	1550195	177	12843	32.02	74.40	0.63	35	0	Bacteria
TARA_MED_MAG_00101	1246628	251	5323	31.29	77.53	4.12	38	1	Bacteria
TARA_MED_MAG_00102	1450688	331	4572	42.15	77.42	4.09	36	0	Bacteria
TARA_MED_MAG_00103	1716554	286	7097	47.10	77.89	5.14	36	0	Bacteria
TARA_MED_MAG_00104	740412	24	44416	28.94	77.02	4.57	39	0	Bacteria
TARA_MED_MAG_00105	1782733	302	7095	55.17	73.76	1.57	33	0	Bacteria
TARA_MED_MAG_00106	1589419	253	7213	31.27	74.58	2.62	34	2	Bacteria
TARA_MED_MAG_00107	623266	29	31994	29.18	74.15	2.35	34	0	Bacteria
TARA_MED_MAG_00108	1248452	232	5751	55.09	75.02	3.31	35	0	Bacteria
TARA_MED_MAG_00110	890789	64	17006	35.85	71.86	0.41	25	0	Bacteria
TARA_MED_MAG_00111	848198	133	6958	34.80	73.64	2.35	39	0	Bacteria
TARA_MED_MAG_00112	977435	122	10085	32.79	74.33	3.11	33	2	Bacteria
TARA_MED_MAG_00113	753160	20	58192	29.90	75.18	3.97	37	0	Bacteria
TARA_MED_MAG_00114	982178	49	33144	40.10	71.64	0.80	27	0	Bacteria
TARA_MED_MAG_00115	1158634	203	6276	36.10	77.12	6.31	37	0	Bacteria
TARA_MED_MAG_00116	798962	32	29016	28.68	73.06	2.39	35	0	Bacteria
TARA_MED_MAG_00117	1374490	100	19060	43.05	73.08	2.61	27	0	Bacteria
TARA_MED_MAG_00118	365980	53	10243	30.45	70.84	0.92	36	0	Bacteria
TARA_MED_MAG_00119	1249671	137	10464	32.57	75.01	5.10	35	1	Bacteria
TARA_MED_MAG_00120	1029395	95	14287	43.51	71.88	2.10	28	0	Bacteria
TARA_MED_MAG_00121	1782252	385	4857	36.47	72.12	2.39	34	1	Bacteria
TARA_MED_MAG_00122	868207	63	25799	26.55	73.25	3.75	38	0	Bacteria
TARA_MED_MAG_00123	988523	174	6390	36.78	70.27	1.39	32	0	Bacteria
TARA_MED_MAG_00124	1219567	211	6082	35.13	74.56	6.06	33	2	Bacteria
TARA_MED_MAG_00125	1209509	115	17262	54.50	70.14	1.79	33	0	Bacteria
TARA_MED_MAG_00126	2462032	425	6433	51.26	73.42	5.35	26	1	Bacteria
TARA_MED_MAG_00127	2355500	260	12033	53.42	72.86	4.83	22	0	Bacteria
TARA_MED_MAG_00128	2425035	432	6172	38.87	69.02	1.44	32	0	Bacteria
TARA_MED_MAG_00129	2402393	453	5658	38.03	71.21	3.94	30	4	Bacteria
TARA_MED_MAG_00130	1710823	356	4950	49.82	71.54	4.49	32	0	Bacteria
TARA_MED_MAG_00131	2598506	321	10039	65.10	72.73	6.26	25	2	Bacteria
TARA_MED_MAG_00132	2055643	312	7334	46.80	65.60	4.11	32	1	Bacteria
TARA_MED_MAG_00133	2339957	449	5784	38.84	62.31	3.45	31	2	Bacteria
TARA_MED_MAG_00134	2282688	540	4159	50.51	57.09	0.00	32	0	Bacteria
TARA_MED_MAG_00135	2035025	369	5975	32.67	58.47	4.77	26	1	Bacteria
TARA_MED_MAG_00136	2052314	297	7967	38.22	59.85	8.90	17	3	Bacteria
TARA_MED_MAG_00137	3110655	438	8949	45.10	33.07	3.82	7	0	Bacteria
TARA_MED_MAG_00138	2515313	526	5135	45.68	28.24	1.99	5	0	Bacteria
TARA_MED_MAG_00139	3108602	498	7117	40.23	27.17	2.91	3	0	Bacteria
TARA_MED_MAG_00142	3019715	463	7810	41.05	18.15	0.63	2	0	Bacteria
TARA_PON_MAG_00001	3583974	49	136290	57.17	98.69	5.18	43	0	Bacteria
TARA_PON_MAG_00002	1772523	7	468503	46.22	95.94	2.95	43	0	Bacteria
TARA_PON_MAG_00003	2821876	59	77452	45.32	97.43	4.56	43	0	Bacteria
TARA_PON_MAG_00004	1745536	72	36072	41.08	97.30	4.60	43	0	Bacteria
TARA_PON_MAG_00005	2736532	20	251316	43.54	97.62	5.22	42	0	Bacteria
TARA_PON_MAG_00006	8701567	799	14889	70.90	97.12	6.74	42	1	Bacteria
TARA_PON_MAG_00007	1496682	74	31568	29.26	94.70	4.38	42	0	Bacteria
TARA_PON_MAG_00008	1922892	70	41988	39.57	95.68	5.81	42	0	Bacteria
TARA_PON_MAG_00009	1930128	62	58079	43.07	92.43	2.84	41	0	Bacteria
TARA_PON_MAG_00010	2243843	28	133836	41.79	93.63	4.38	43	0	Bacteria
TARA_PON_MAG_00011	3391906	130	47289	51.82	93.38	4.20	41	0	Bacteria
TARA_PON_MAG_00012	1463332	101	30088	29.78	92.26	3.13	43	0	Bacteria
TARA_PON_MAG_00013	10152466	260	64027	51.24	97.12	8.07	41	2	Bacteria
TARA_PON_MAG_00014	700833	26	100982	33.31	89.36	1.54	40	0	Bacteria
TARA_PON_MAG_00015	4804116	321	20304	52.74	94.27	7.79	41	2	Bacteria
TARA_PON_MAG_00016	1472662	64	36118	28.30	88.90	2.84	38	0	Bacteria
TARA_PON_MAG_00017	857414	37	34155	47.47	87.29	1.36	38	0	Bacteria
TARA_PON_MAG_00018	1461293	145	12687	42.19	86.88	1.48	37	1	Bacteria
TARA_PON_MAG_00019	2458233	60	70732	36.53	86.78	1.39	34	0	Bacteria
TARA_PON_MAG_00020	2273200	247	11801	35.43	87.82	2.76	36	0	Bacteria
TARA_PON_MAG_00021	3638235	287	18197	62.58	92.96	8.54	39	2	Bacteria
TARA_PON_MAG_00022	5858080	562	14043	68.06	90.29	6.46	39	0	Bacteria
TARA_PON_MAG_00023	4291755	138	48897	52.40	89.71	6.12	30	1	Bacteria
TARA_PON_MAG_00024	1817447	31	72262	67.41	89.39	6.26	41	1	Bacteria
TARA_PON_MAG_00025	2557562	338	9449	67.26	86.13	3.87	35	1	Bacteria
TARA_PON_MAG_00026	2180211	214	13037	46.86	84.95	3.13	39	0	Bacteria
TARA_PON_MAG_00027	3160434	619	5545	31.90	82.87	1.57	35	2	Bacteria
TARA_PON_MAG_00028	5555538	134	65956	53.69	86.78	5.63	36	0	Bacteria
TARA_PON_MAG_00029	3024430	517	6711	53.15	84.82	4.05	38	1	Bacteria
TARA_PON_MAG_00030	1274257	140	11749	52.94	84.39	4.16	39	0	Bacteria
TARA_PON_MAG_00031	1776304	349	5554	50.64	79.30	0.36	37	0	Bacteria
TARA_PON_MAG_00032	2803374	574	5156	42.90	80.74	2.17	36	0	Bacteria
TARA_PON_MAG_00034	2117274	449	4842	65.42	82.03	4.11	37	1	Bacteria
TARA_PON_MAG_00035	1227576	229	6061	38.07	81.34	3.56	33	2	Bacteria
TARA_PON_MAG_00036	1543517	179	12035	30.26	81.24	3.93	29	0	Bacteria
TARA_PON_MAG_00037	797999	17	88068	44.44	77.60	0.92	35	1	Bacteria
TARA_PON_MAG_00038	1532647	197	9670	47.22	82.46	5.81	37	1	Bacteria
TARA_PON_MAG_00039	2282633	255	10555	45.00	79.46	2.93	34	2	Bacteria
TARA_PON_MAG_00040	743946	18	58551	29.35	80.80	4.78	38	0	Bacteria
TARA_PON_MAG_00041	1997685	110	24374	48.67	75.62	0.85	37	0	Bacteria
TARA_PON_MAG_00042	2277919	232	13751	47.35	80.10	5.56	27	0	Bacteria
TARA_PON_MAG_00043	1912945	45	85777	61.64	75.64	1.25	28	0	Bacteria
TARA_PON_MAG_00044	579175	73	10040	49.69	76.03	1.72	32	0	Bacteria
TARA_PON_MAG_00046	1436968	183	10205	28.90	78.48	4.63	33	2	Bacteria
TARA_PON_MAG_00048	1077837	104	13584	51.99	76.31	4.53	29	0	Bacteria
TARA_PON_MAG_00050	2090795	336	7220	50.15	72.94	1.61	37	0	Bacteria
TARA_PON_MAG_00051	1040644	188	6190	31.53	73.57	2.57	36	0	Bacteria
TARA_PON_MAG_00052	1019374	72	18868	52.23	71.66	1.10	38	1	Bacteria
TARA_PON_MAG_00053	2639996	99	41184	58.70	73.64	3.35	39	0	Bacteria
TARA_PON_MAG_00054	1645789	82	70625	40.90	72.98	3.55	28	1	Bacteria
TARA_PON_MAG_00055	1781940	345	5767	55.12	72.77	4.56	31	0	Bacteria
TARA_PON_MAG_00056	3837900	124	43895	60.59	68.02	1.25	34	0	Bacteria
TARA_PON_MAG_00057	635718	66	12772	37.19	70.01	3.53	40	0	Bacteria
TARA_PON_MAG_00058	2056034	338	7002	47.44	72.67	6.60	24	5	Bacteria
TARA_PON_MAG_00059	3542497	661	5880	52.94	66.87	2.98	30	0	Bacteria
TARA_PON_MAG_00060	4635266	1042	4600	64.37	67.58	5.65	31	1	Bacteria
TARA_PON_MAG_00061	4476822	195	44594	44.51	64.89	4.27	27	0	Bacteria
TARA_PON_MAG_00062	3636857	597	7404	52.22	60.34	4.52	27	3	Bacteria
TARA_PON_MAG_00063	2595125	552	4801	56.74	59.09	3.83	24	0	Bacteria
TARA_PON_MAG_00064	2165453	439	5200	46.47	57.99	4.67	20	0	Bacteria
TARA_PON_MAG_00065	3622631	339	14833	60.23	56.52	3.77	19	0	Bacteria
TARA_PON_MAG_00066	3199981	576	5995	65.10	51.31	2.93	14	0	Bacteria
TARA_PON_MAG_00067	3430711	532	7961	54.85	50.92	3.28	19	0	Bacteria
TARA_PON_MAG_00068	3654749	846	4354	52.02	50.21	3.35	20	0	Bacteria
TARA_PON_MAG_00069	2036487	269	10422	31.25	41.29	3.33	6	0	Bacteria
TARA_PON_MAG_00070	2003204	528	3719	53.12	39.22	2.11	15	1	Bacteria
TARA_PON_MAG_00071	2607205	418	7031	54.59	36.82	1.44	6	0	Bacteria
TARA_PON_MAG_00072	2332818	69	180301	54.40	36.53	1.26	5	0	Bacteria
TARA_PON_MAG_00073	2024979	276	8625	57.76	36.69	2.95	12	0	Bacteria
TARA_PON_MAG_00075	5204906	657	10010	63.86	34.91	3.96	8	0	Bacteria
TARA_PON_MAG_00076	2710859	549	5133	65.53	31.57	1.25	9	0	Bacteria
TARA_PON_MAG_00077	2456520	476	5484	38.71	32.03	2.44	7	0	Bacteria
TARA_PON_MAG_00080	3162381	379	10591	61.44	27.40	1.48	4	0	Bacteria
TARA_PON_MAG_00081	2208864	420	5578	43.86	27.04	3.02	11	0	Bacteria
TARA_PON_MAG_00084	3339717	676	5178	58.30	17.75	0.58	4	0	Bacteria
TARA_PON_MAG_00085	2057475	148	23342	52.06	18.07	1.80	1	0	Bacteria
TARA_PON_MAG_00086	2081417	408	5631	66.27	13.90	0.00	1	0	Bacteria
TARA_PON_MAG_00087	2281455	415	5812	33.70	11.69	0.72	5	0	Bacteria
TARA_PON_MAG_00088	2391730	619	3846	56.20	9.69	0.18	3	0	Bacteria
TARA_PSE_MAG_00001	3950680	51	190794	42.70	98.47	2.84	43	0	Bacteria
TARA_PSE_MAG_00002	3411210	71	79530	65.41	98.65	3.02	42	1	Bacteria
TARA_PSE_MAG_00003	2040770	38	76474	46.63	96.63	1.14	43	0	Bacteria
TARA_PSE_MAG_00004	2201353	36	109729	45.17	98.87	3.57	43	0	Bacteria
TARA_PSE_MAG_00005	3339769	27	213812	31.83	98.47	3.93	43	0	Bacteria
TARA_PSE_MAG_00006	3399122	20	258513	35.60	98.24	3.75	43	0	Bacteria
TARA_PSE_MAG_00007	3338622	81	72973	36.04	97.84	3.75	42	0	Bacteria
TARA_PSE_MAG_00008	3594348	138	41393	62.59	98.42	4.38	43	0	Bacteria
TARA_PSE_MAG_00009	3639767	22	236768	43.58	97.44	3.57	43	0	Bacteria
TARA_PSE_MAG_00010	4593238	88	101948	65.66	98.51	4.78	43	0	Bacteria
TARA_PSE_MAG_00011	1694098	195	11192	38.33	95.50	1.77	42	0	Bacteria
TARA_PSE_MAG_00012	2336488	15	203211	42.79	98.29	5.05	43	0	Bacteria
TARA_PSE_MAG_00013	3509141	32	160470	33.53	98.69	5.47	42	1	Bacteria
TARA_PSE_MAG_00014	6116266	194	50752	42.71	97.07	3.93	43	0	Bacteria
TARA_PSE_MAG_00015	5166000	380	21185	69.51	98.20	5.32	43	0	Bacteria
TARA_PSE_MAG_00016	6084730	128	83329	68.40	98.24	5.41	42	1	Bacteria
TARA_PSE_MAG_00017	1223865	59	31666	35.59	97.25	4.42	42	0	Bacteria
TARA_PSE_MAG_00018	4269232	55	104205	43.43	96.72	3.93	43	0	Bacteria
TARA_PSE_MAG_00019	2468928	122	30665	40.39	97.39	4.60	43	0	Bacteria
TARA_PSE_MAG_00020	1549255	133	16075	34.15	96.89	4.16	43	0	Bacteria
TARA_PSE_MAG_00021	1334008	77	23968	37.55	96.52	4.42	41	0	Bacteria
TARA_PSE_MAG_00022	3894688	309	18012	64.23	94.25	2.17	42	0	Bacteria
TARA_PSE_MAG_00023	3996378	258	21807	67.81	96.53	4.51	42	0	Bacteria
TARA_PSE_MAG_00024	4253894	104	69863	67.74	97.48	5.59	42	0	Bacteria
TARA_PSE_MAG_00025	2973798	221	22040	43.14	95.77	4.09	42	0	Bacteria
TARA_PSE_MAG_00026	3973211	48	122827	48.39	98.29	6.77	43	0	Bacteria
TARA_PSE_MAG_00027	3567538	252	21492	55.07	96.85	5.36	43	0	Bacteria
TARA_PSE_MAG_00028	2537395	112	37006	62.62	95.22	3.95	43	0	Bacteria
TARA_PSE_MAG_00029	3108578	86	146224	63.71	95.82	4.60	42	0	Bacteria
TARA_PSE_MAG_00030	5288165	226	51046	54.46	98.33	7.40	43	0	Bacteria
TARA_PSE_MAG_00031	1412199	153	12215	30.68	95.19	4.42	42	0	Bacteria
TARA_PSE_MAG_00032	2853715	146	33829	35.93	93.42	3.08	42	0	Bacteria
TARA_PSE_MAG_00033	1412137	64	30767	31.54	92.85	3.57	42	0	Bacteria
TARA_PSE_MAG_00034	4634551	164	50242	65.84	96.45	7.57	40	0	Bacteria
TARA_PSE_MAG_00035	3384971	459	9032	63.25	94.00	5.44	41	0	Bacteria
TARA_PSE_MAG_00036	3841746	412	12723	68.65	93.34	4.81	39	0	Bacteria
TARA_PSE_MAG_00037	10717318	691	22203	71.82	94.95	6.55	40	1	Bacteria
TARA_PSE_MAG_00038	2044754	105	30983	45.58	94.08	6.64	41	0	Bacteria
TARA_PSE_MAG_00039	8212457	1235	7769	73.95	92.27	6.31	39	1	Bacteria
TARA_PSE_MAG_00040	2900708	274	15160	65.61	92.86	8.04	40	0	Bacteria
TARA_PSE_MAG_00041	1114913	120	11580	50.90	87.51	2.84	41	0	Bacteria
TARA_PSE_MAG_00042	4347149	468	12585	57.20	87.81	3.34	34	0	Bacteria
TARA_PSE_MAG_00043	921904	62	18654	31.34	91.79	7.39	38	2	Bacteria
TARA_PSE_MAG_00044	3800051	380	13575	58.72	88.28	4.23	41	0	Bacteria
TARA_PSE_MAG_00045	1519890	195	9894	52.09	88.23	4.18	39	0	Bacteria
TARA_PSE_MAG_00046	1919891	218	12506	51.58	92.72	9.60	38	1	Bacteria
TARA_PSE_MAG_00047	818217	65	18087	34.60	82.74	0.00	36	0	Bacteria
TARA_PSE_MAG_00048	2529742	431	6447	46.44	83.90	1.39	36	1	Bacteria
TARA_PSE_MAG_00049	2724377	380	8532	52.61	87.07	4.89	39	0	Bacteria
TARA_PSE_MAG_00050	1485589	58	46099	30.44	85.66	4.16	30	0	Bacteria
TARA_PSE_MAG_00051	1275451	94	19580	36.82	85.29	3.97	38	0	Bacteria
TARA_PSE_MAG_00052	1753804	266	7901	46.21	87.03	6.10	42	0	Bacteria
TARA_PSE_MAG_00053	1488994	49	57476	44.90	81.51	1.14	38	0	Bacteria
TARA_PSE_MAG_00054	1170469	242	5008	37.55	81.11	1.54	33	0	Bacteria
TARA_PSE_MAG_00055	1963282	374	5602	63.83	87.24	7.73	30	2	Bacteria
TARA_PSE_MAG_00056	1247442	122	13528	30.34	86.30	6.87	40	1	Bacteria
TARA_PSE_MAG_00057	1223860	88	17524	29.24	83.99	4.74	39	0	Bacteria
TARA_PSE_MAG_00058	2520336	203	17526	68.65	83.97	4.87	31	0	Bacteria
TARA_PSE_MAG_00059	845754	74	15240	31.94	80.42	1.84	36	0	Bacteria
TARA_PSE_MAG_00060	5682160	655	10913	49.98	83.02	4.69	36	0	Bacteria
TARA_PSE_MAG_00062	1590745	290	6162	36.97	78.40	1.10	37	0	Bacteria
TARA_PSE_MAG_00063	1020891	219	4874	29.63	78.96	1.72	35	0	Bacteria
TARA_PSE_MAG_00065	4506238	865	5578	34.00	84.26	7.24	39	0	Bacteria
TARA_PSE_MAG_00066	2401571	304	10087	57.30	83.14	6.28	37	1	Bacteria
TARA_PSE_MAG_00067	3908052	352	15220	66.29	82.27	5.73	30	1	Bacteria
TARA_PSE_MAG_00068	2505860	380	7923	40.94	81.65	5.25	34	0	Bacteria
TARA_PSE_MAG_00069	2036447	258	9593	67.26	78.48	2.88	32	1	Bacteria
TARA_PSE_MAG_00071	1594608	177	12189	42.36	75.83	1.25	36	0	Bacteria
TARA_PSE_MAG_00072	2625566	558	4947	45.68	76.59	2.13	29	0	Bacteria
TARA_PSE_MAG_00073	772086	37	30640	28.67	76.07	2.84	25	0	Bacteria
TARA_PSE_MAG_00074	442426	37	18810	27.86	74.57	1.36	39	0	Bacteria
TARA_PSE_MAG_00075	899033	131	9351	32.32	80.66	8.54	35	6	Bacteria
TARA_PSE_MAG_00076	856888	88	12893	31.57	74.59	3.20	29	0	Bacteria
TARA_PSE_MAG_00077	2765508	74	56388	65.97	74.61	3.64	24	0	Bacteria
TARA_PSE_MAG_00078	1165688	128	11055	41.18	73.35	2.57	33	0	Bacteria
TARA_PSE_MAG_00079	1070654	62	26011	34.63	71.43	0.85	30	0	Bacteria
TARA_PSE_MAG_00080	1156989	192	7158	48.95	75.44	5.10	30	0	Bacteria
TARA_PSE_MAG_00081	726237	43	18373	31.99	70.19	0.00	33	0	Bacteria
TARA_PSE_MAG_00082	2667809	525	5499	66.91	75.38	5.27	30	1	Bacteria
TARA_PSE_MAG_00083	3850852	401	13046	34.64	73.02	3.20	20	0	Bacteria
TARA_PSE_MAG_00084	749413	41	31705	29.24	70.45	0.63	25	0	Bacteria
TARA_PSE_MAG_00085	618894	105	6889	31.46	71.19	1.61	30	0	Bacteria
TARA_PSE_MAG_00086	1518980	179	10001	41.21	74.56	5.00	30	1	Bacteria
TARA_PSE_MAG_00087	993227	186	5712	44.67	71.67	2.17	35	0	Bacteria
TARA_PSE_MAG_00088	1023053	244	4310	36.76	71.26	2.30	29	0	Bacteria
TARA_PSE_MAG_00089	2032783	294	8065	64.22	72.89	4.07	25	1	Bacteria
TARA_PSE_MAG_00090	1222474	234	5443	27.77	72.90	4.51	29	0	Bacteria
TARA_PSE_MAG_00091	1295258	283	4571	56.27	72.19	4.22	30	0	Bacteria
TARA_PSE_MAG_00092	619516	57	14062	28.25	70.20	2.53	24	1	Bacteria
TARA_PSE_MAG_00093	1620450	114	19516	28.64	70.22	3.05	21	0	Bacteria
TARA_PSE_MAG_00094	811977	188	4263	48.59	70.29	3.69	37	0	Bacteria
TARA_PSE_MAG_00095	2779108	353	9622	64.26	72.46	7.12	29	2	Bacteria
TARA_PSE_MAG_00096	1531211	323	5175	42.82	70.49	6.51	28	1	Bacteria
TARA_PSE_MAG_00097	3892905	846	4684	56.38	67.53	5.23	24	2	Bacteria
TARA_PSE_MAG_00098	3881530	515	9652	36.19	62.29	3.02	19	0	Bacteria
TARA_PSE_MAG_00099	2362758	457	5643	49.08	58.42	0.74	21	0	Bacteria
TARA_PSE_MAG_00100	2687641	607	4398	54.88	61.82	4.22	27	1	Bacteria
TARA_PSE_MAG_00101	2557726	394	7805	64.60	59.05	1.48	18	0	Bacteria
TARA_PSE_MAG_00102	2707112	676	4141	54.08	56.62	0.36	24	2	Bacteria
TARA_PSE_MAG_00103	3242486	563	6472	63.65	55.58	3.42	15	1	Bacteria
TARA_PSE_MAG_00104	4696093	78	88962	48.62	54.36	3.69	15	0	Bacteria
TARA_PSE_MAG_00105	2335055	500	4921	50.95	49.96	0.00	25	0	Bacteria
TARA_PSE_MAG_00106	3409887	291	16834	61.82	52.40	3.82	11	0	Bacteria
TARA_PSE_MAG_00107	2021841	476	4254	36.96	49.85	1.39	24	0	Bacteria
TARA_PSE_MAG_00108	2142463	550	3914	52.83	48.68	1.44	26	0	Bacteria
TARA_PSE_MAG_00109	2531001	293	11499	63.93	50.38	3.42	11	1	Bacteria
TARA_PSE_MAG_00110	2124994	392	6154	40.53	47.17	1.79	7	0	Bacteria
TARA_PSE_MAG_00111	2970621	352	10742	60.84	48.66	4.58	13	0	Bacteria
TARA_PSE_MAG_00112	2660708	318	10654	67.69	45.23	1.43	13	0	Bacteria
TARA_PSE_MAG_00113	3613878	327	14586	61.46	46.18	3.06	8	0	Bacteria
TARA_PSE_MAG_00114	2258363	502	4470	35.72	45.82	3.20	16	0	Bacteria
TARA_PSE_MAG_00115	2875896	700	4189	44.71	43.13	0.58	17	0	Bacteria
TARA_PSE_MAG_00116	4148751	94	65098	53.28	47.68	5.79	9	0	Bacteria
TARA_PSE_MAG_00117	3490265	246	22740	45.01	43.90	3.24	12	0	Bacteria
TARA_PSE_MAG_00118	3648165	464	9818	43.43	42.11	1.66	16	0	Bacteria
TARA_PSE_MAG_00119	2062126	483	4294	63.81	40.86	1.21	11	0	Bacteria
TARA_PSE_MAG_00120	2768210	415	7714	56.75	42.68	4.05	9	0	Bacteria
TARA_PSE_MAG_00121	2355103	517	4738	59.07	41.88	4.11	18	0	Bacteria
TARA_PSE_MAG_00122	2267139	549	4153	55.48	35.80	0.00	11	0	Bacteria
TARA_PSE_MAG_00123	2964488	367	10350	58.04	41.68	5.95	8	0	Bacteria
TARA_PSE_MAG_00124	2025031	424	4487	63.63	40.15	5.00	14	0	Bacteria
TARA_PSE_MAG_00125	2530321	281	12485	59.55	40.28	5.53	10	0	Bacteria
TARA_PSE_MAG_00126	2062872	421	5207	40.37	34.44	0.99	11	0	Bacteria
TARA_PSE_MAG_00127	2433815	400	7068	34.96	33.01	0.18	23	0	Bacteria
TARA_PSE_MAG_00128	2560385	568	4741	41.93	36.06	4.85	10	0	Bacteria
TARA_PSE_MAG_00130	2657260	345	10379	44.61	30.44	2.79	6	0	Bacteria
TARA_PSE_MAG_00131	2122955	187	15597	27.46	28.78	1.48	6	0	Bacteria
TARA_PSE_MAG_00132	4212701	222	34216	40.73	29.75	3.24	7	0	Bacteria
TARA_PSE_MAG_00133	2637354	483	5801	46.56	29.65	3.50	2	0	Bacteria
TARA_PSE_MAG_00134	3312014	429	9815	61.58	23.33	1.21	4	0	Bacteria
TARA_PSE_MAG_00135	2090215	340	6911	45.05	22.79	0.85	3	0	Bacteria
TARA_PSE_MAG_00138	2171009	538	3955	53.32	24.98	4.22	4	1	Bacteria
TARA_PSE_MAG_00139	2763675	737	3671	38.03	21.72	1.16	5	0	Bacteria
TARA_PSE_MAG_00141	2108771	363	6522	58.57	22.57	3.02	5	0	Bacteria
TARA_PSE_MAG_00142	3126293	428	9145	61.86	18.85	0.80	3	0	Bacteria
TARA_PSE_MAG_00143	2167782	292	8770	61.39	19.62	2.28	1	0	Bacteria
TARA_PSE_MAG_00144	3839010	251	23028	41.21	16.20	0.63	2	0	Bacteria
TARA_PSE_MAG_00145	3014065	599	5355	34.97	13.58	0.62	12	0	Bacteria
TARA_PSE_MAG_00146	2264863	477	5012	52.61	13.78	1.03	3	0	Bacteria
TARA_PSE_MAG_00148	2350930	515	4647	44.22	8.94	0.00	0	0	Bacteria
TARA_PSE_MAG_00150	3163741	488	8039	38.97	7.41	0.62	4	0	Bacteria
TARA_PSW_MAG_00001	3838149	37	185411	42.79	98.47	3.02	43	0	Bacteria
TARA_PSW_MAG_00002	1969578	13	221488	40.56	97.66	2.50	43	0	Bacteria
TARA_PSW_MAG_00003	2692266	34	124475	35.32	98.33	3.75	43	0	Bacteria
TARA_PSW_MAG_00004	4269650	83	92616	65.99	98.69	4.38	43	0	Bacteria
TARA_PSW_MAG_00005	3628000	20	351879	62.40	98.69	4.38	43	0	Bacteria
TARA_PSW_MAG_00006	1608685	37	67260	39.07	94.91	0.63	42	0	Bacteria
TARA_PSW_MAG_00007	1564183	93	28076	43.30	96.22	2.35	43	0	Bacteria
TARA_PSW_MAG_00008	3606880	14	366411	43.59	97.44	3.57	43	0	Bacteria
TARA_PSW_MAG_00009	3228337	105	51316	36.01	97.48	3.75	42	0	Bacteria
TARA_PSW_MAG_00010	2084563	18	143913	31.02	98.47	4.82	43	0	Bacteria
TARA_PSW_MAG_00011	1368843	27	105654	36.08	98.47	4.83	43	0	Bacteria
TARA_PSW_MAG_00012	2877209	65	97129	34.73	98.24	4.92	42	0	Bacteria
TARA_PSW_MAG_00013	3667697	118	48153	52.57	97.70	4.42	43	0	Bacteria
TARA_PSW_MAG_00014	1388985	20	127892	37.30	98.06	4.83	43	0	Bacteria
TARA_PSW_MAG_00015	6210113	37	240152	42.59	96.89	3.93	43	0	Bacteria
TARA_PSW_MAG_00016	3020619	59	88046	45.00	97.43	4.56	43	0	Bacteria
TARA_PSW_MAG_00017	5964731	305	30356	67.94	97.84	5.04	43	0	Bacteria
TARA_PSW_MAG_00018	5864649	113	79495	49.98	97.30	4.56	42	0	Bacteria
TARA_PSW_MAG_00019	2261306	155	25909	42.65	96.12	3.42	43	0	Bacteria
TARA_PSW_MAG_00020	6607997	143	72460	70.11	98.47	6.13	42	1	Bacteria
TARA_PSW_MAG_00021	1162385	84	18245	40.85	94.68	2.39	42	1	Bacteria
TARA_PSW_MAG_00022	4264159	412	14712	34.96	96.13	3.94	42	1	Bacteria
TARA_PSW_MAG_00023	3006533	240	17804	64.47	95.95	4.29	42	0	Bacteria
TARA_PSW_MAG_00024	1569057	117	17956	50.75	96.44	4.82	40	0	Bacteria
TARA_PSW_MAG_00025	3994083	183	30987	67.95	96.31	4.96	42	0	Bacteria
TARA_PSW_MAG_00026	5995730	405	20964	53.07	97.12	5.95	39	0	Bacteria
TARA_PSW_MAG_00027	4645294	164	52746	48.41	93.55	2.42	43	0	Bacteria
TARA_PSW_MAG_00028	3968077	68	85181	64.60	97.17	6.10	42	0	Bacteria
TARA_PSW_MAG_00029	3033342	109	41165	67.97	98.06	7.31	39	3	Bacteria
TARA_PSW_MAG_00030	4528474	215	31659	51.71	97.17	6.47	43	0	Bacteria
TARA_PSW_MAG_00031	5328746	128	101765	54.15	98.29	8.71	43	0	Bacteria
TARA_PSW_MAG_00032	4510814	247	25629	65.98	94.00	4.60	35	0	Bacteria
TARA_PSW_MAG_00033	1761169	227	8587	40.45	92.29	3.15	42	0	Bacteria
TARA_PSW_MAG_00034	4650632	31	209346	53.00	91.79	2.75	41	0	Bacteria
TARA_PSW_MAG_00035	10305056	270	60837	51.18	96.94	8.25	41	2	Bacteria
TARA_PSW_MAG_00036	1165348	101	15852	35.66	92.28	3.98	41	0	Bacteria
TARA_PSW_MAG_00037	1553977	202	9636	37.58	92.25	4.36	42	0	Bacteria
TARA_PSW_MAG_00038	2954043	500	7006	55.99	90.04	2.17	42	0	Bacteria
TARA_PSW_MAG_00039	715158	29	77172	33.46	89.36	1.54	40	0	Bacteria
TARA_PSW_MAG_00040	3100748	145	31972	57.78	92.96	5.59	39	1	Bacteria
TARA_PSW_MAG_00041	1570910	58	43357	30.48	92.69	5.65	41	1	Bacteria
TARA_PSW_MAG_00042	1605991	162	15359	38.40	89.55	2.73	40	0	Bacteria
TARA_PSW_MAG_00044	1151636	165	8678	31.38	89.59	3.49	38	2	Bacteria
TARA_PSW_MAG_00045	2758566	382	8856	54.90	93.89	8.18	40	2	Bacteria
TARA_PSW_MAG_00046	4422249	189	38055	65.75	92.06	6.52	35	0	Bacteria
TARA_PSW_MAG_00047	2170786	254	11200	37.05	90.96	5.47	41	0	Bacteria
TARA_PSW_MAG_00048	1681719	167	13600	29.84	88.99	4.31	36	0	Bacteria
TARA_PSW_MAG_00049	1821452	183	14314	45.89	90.19	6.26	40	0	Bacteria
TARA_PSW_MAG_00050	4438983	650	8153	69.77	88.42	4.65	38	0	Bacteria
TARA_PSW_MAG_00051	806303	115	8536	47.54	86.61	3.08	38	1	Bacteria
TARA_PSW_MAG_00052	639254	10	153100	39.54	84.96	2.28	39	1	Bacteria
TARA_PSW_MAG_00053	5651584	601	12019	48.78	91.58	9.15	34	7	Bacteria
TARA_PSW_MAG_00054	1428841	178	10483	30.04	85.41	3.24	34	2	Bacteria
TARA_PSW_MAG_00058	4643332	628	8739	47.13	85.93	4.54	38	0	Bacteria
TARA_PSW_MAG_00059	1293109	73	23565	29.72	85.34	4.15	40	0	Bacteria
TARA_PSW_MAG_00060	2442486	312	9388	49.62	85.59	4.60	38	0	Bacteria
TARA_PSW_MAG_00061	1322691	145	12321	32.15	82.26	1.32	39	0	Bacteria
TARA_PSW_MAG_00062	3467416	576	6976	61.31	86.24	5.45	38	1	Bacteria
TARA_PSW_MAG_00063	2851959	279	14042	67.11	85.19	4.72	38	0	Bacteria
TARA_PSW_MAG_00064	3020418	521	6343	56.20	85.49	5.26	36	2	Bacteria
TARA_PSW_MAG_00065	3071969	378	9923	44.75	82.21	3.02	34	0	Bacteria
TARA_PSW_MAG_00066	2033721	101	33069	52.76	83.02	3.93	39	0	Bacteria
TARA_PSW_MAG_00067	3369141	609	6130	38.72	79.84	0.96	34	1	Bacteria
TARA_PSW_MAG_00068	1330506	140	13836	29.55	80.78	1.99	38	0	Bacteria
TARA_PSW_MAG_00069	1781453	273	7986	39.24	84.75	5.96	39	1	Bacteria
TARA_PSW_MAG_00070	2545416	376	8044	54.09	79.19	0.74	39	0	Bacteria
TARA_PSW_MAG_00071	4675294	535	11092	54.49	81.89	3.56	35	0	Bacteria
TARA_PSW_MAG_00072	4095537	814	5461	53.14	81.56	3.38	33	1	Bacteria
TARA_PSW_MAG_00074	1189144	130	11539	31.90	80.54	3.36	34	1	Bacteria
TARA_PSW_MAG_00076	3567362	430	10800	43.96	83.99	6.88	37	0	Bacteria
TARA_PSW_MAG_00077	1568171	266	7112	46.92	80.86	4.36	32	2	Bacteria
TARA_PSW_MAG_00078	670241	96	9898	33.46	77.72	1.59	39	0	Bacteria
TARA_PSW_MAG_00079	4535052	315	22121	65.73	81.39	5.63	28	0	Bacteria
TARA_PSW_MAG_00080	2324340	306	8906	53.78	76.62	0.96	37	0	Bacteria
TARA_PSW_MAG_00081	934890	145	7475	31.15	75.75	0.23	36	0	Bacteria
TARA_PSW_MAG_00082	3172990	517	7367	67.33	76.36	0.98	33	1	Bacteria
TARA_PSW_MAG_00083	2531449	463	5957	50.14	76.86	1.54	41	0	Bacteria
TARA_PSW_MAG_00084	2974357	490	6869	52.87	77.60	3.96	32	2	Bacteria
TARA_PSW_MAG_00085	1173499	225	5594	30.01	78.06	4.99	31	1	Bacteria
TARA_PSW_MAG_00087	3847299	641	6909	52.39	78.57	5.90	32	0	Bacteria
TARA_PSW_MAG_00088	1188083	164	9226	28.90	72.73	0.36	31	1	Bacteria
TARA_PSW_MAG_00089	2103552	316	7959	54.34	80.68	8.78	30	3	Bacteria
TARA_PSW_MAG_00090	2079206	261	9741	31.44	75.70	4.01	29	0	Bacteria
TARA_PSW_MAG_00091	1990882	397	5466	46.45	74.77	3.26	31	1	Bacteria
TARA_PSW_MAG_00092	1074595	46	64482	33.83	78.97	7.60	28	6	Bacteria
TARA_PSW_MAG_00093	3260113	442	8526	38.86	77.18	5.92	31	1	Bacteria
TARA_PSW_MAG_00095	3237080	488	7921	69.32	76.72	6.39	28	0	Bacteria
TARA_PSW_MAG_00096	1706461	195	12086	29.21	71.22	1.77	33	0	Bacteria
TARA_PSW_MAG_00097	3564951	583	7271	49.04	70.89	1.57	35	0	Bacteria
TARA_PSW_MAG_00098	715149	52	19815	29.70	72.26	3.60	30	0	Bacteria
TARA_PSW_MAG_00099	3256549	100	55827	63.52	76.04	7.73	31	1	Bacteria
TARA_PSW_MAG_00100	1384155	218	7250	28.18	74.80	6.51	30	1	Bacteria
TARA_PSW_MAG_00103	888812	181	5118	28.21	74.55	7.06	37	2	Bacteria
TARA_PSW_MAG_00104	2111061	354	6823	32.67	72.60	5.59	31	0	Bacteria
TARA_PSW_MAG_00105	2354673	543	4427	57.33	65.11	0.23	28	1	Bacteria
TARA_PSW_MAG_00106	2248577	378	6947	45.02	67.70	3.35	30	0	Bacteria
TARA_PSW_MAG_00107	4545094	926	5161	52.82	65.79	2.13	29	1	Bacteria
TARA_PSW_MAG_00108	2120707	433	5302	42.46	64.30	1.45	27	2	Bacteria
TARA_PSW_MAG_00109	2014779	401	5202	54.03	67.96	5.70	29	2	Bacteria
TARA_PSW_MAG_00110	2214525	468	4998	55.40	60.04	1.16	27	0	Bacteria
TARA_PSW_MAG_00111	3697401	163	41879	61.61	64.67	6.35	27	0	Bacteria
TARA_PSW_MAG_00112	3080469	723	4280	38.99	63.49	5.90	24	5	Bacteria
TARA_PSW_MAG_00113	2435607	271	11476	57.55	55.05	0.63	18	0	Bacteria
TARA_PSW_MAG_00114	2586877	119	32613	33.80	56.88	3.60	21	0	Bacteria
TARA_PSW_MAG_00115	2686481	578	4799	56.52	57.22	4.48	24	2	Bacteria
TARA_PSW_MAG_00116	2413023	117	33430	57.32	55.42	3.24	18	0	Bacteria
TARA_PSW_MAG_00117	2244900	467	5054	38.99	54.81	3.42	24	0	Bacteria
TARA_PSW_MAG_00118	2094419	525	3959	51.62	53.04	1.79	24	0	Bacteria
TARA_PSW_MAG_00119	4122879	92	64091	44.86	51.52	3.87	13	0	Bacteria
TARA_PSW_MAG_00120	2577900	605	4312	50.23	49.20	2.98	20	1	Bacteria
TARA_PSW_MAG_00121	2064102	551	3643	42.03	46.94	1.32	20	1	Bacteria
TARA_PSW_MAG_00122	3243661	657	5338	47.83	45.69	1.52	19	0	Bacteria
TARA_PSW_MAG_00123	2656216	540	4986	66.86	45.07	1.54	17	0	Bacteria
TARA_PSW_MAG_00124	2516850	641	3923	60.11	42.77	0.18	17	0	Bacteria
TARA_PSW_MAG_00125	2159895	336	7252	53.13	41.97	0.58	17	0	Bacteria
TARA_PSW_MAG_00126	2600752	636	4133	46.84	37.00	0.80	17	0	Bacteria
TARA_PSW_MAG_00127	3449400	479	8642	49.88	34.03	0.76	13	0	Bacteria
TARA_PSW_MAG_00128	3169933	657	4658	62.27	37.78	4.66	11	2	Bacteria
TARA_PSW_MAG_00129	2607126	521	5426	44.97	32.19	1.43	9	0	Bacteria
TARA_PSW_MAG_00130	4027331	480	10413	52.57	33.46	6.01	7	1	Bacteria
TARA_PSW_MAG_00132	2086233	309	7740	50.68	22.18	2.75	6	0	Bacteria
TARA_PSW_MAG_00134	2227252	536	4073	62.13	18.10	0.58	5	0	Bacteria
TARA_RED_MAG_00001	2849757	10	657617	64.85	98.87	4.38	43	0	Bacteria
TARA_RED_MAG_00002	2177492	86	43120	35.75	95.72	1.36	41	0	Bacteria
TARA_RED_MAG_00003	2006846	24	129267	43.37	98.24	4.20	43	0	Bacteria
TARA_RED_MAG_00004	2103638	32	89886	37.12	97.48	4.20	43	0	Bacteria
TARA_RED_MAG_00005	2210524	48	64611	41.34	97.84	4.56	43	0	Bacteria
TARA_RED_MAG_00006	3754020	107	49852	49.73	97.26	4.00	43	0	Bacteria
TARA_RED_MAG_00007	2516156	78	49495	61.89	97.52	4.42	39	1	Bacteria
TARA_RED_MAG_00008	3017963	74	60672	51.07	97.07	4.19	41	1	Bacteria
TARA_RED_MAG_00009	930732	61	25712	30.27	96.40	4.20	43	0	Bacteria
TARA_RED_MAG_00010	1469377	47	72588	40.58	96.31	4.15	41	0	Bacteria
TARA_RED_MAG_00011	3454774	363	13358	53.56	93.57	1.54	42	0	Bacteria
TARA_RED_MAG_00012	3161333	101	55549	48.27	96.52	4.60	43	0	Bacteria
TARA_RED_MAG_00013	3133563	16	343235	58.48	97.25	5.45	43	0	Bacteria
TARA_RED_MAG_00014	1613292	33	82197	38.39	94.20	2.51	41	0	Bacteria
TARA_RED_MAG_00015	1291189	27	92870	29.04	95.63	4.16	43	0	Bacteria
TARA_RED_MAG_00016	1961043	54	72153	41.21	92.52	1.08	40	0	Bacteria
TARA_RED_MAG_00017	1486584	178	11176	30.38	92.58	1.21	41	1	Bacteria
TARA_RED_MAG_00019	1853706	37	95114	35.58	93.29	1.99	40	0	Bacteria
TARA_RED_MAG_00020	5284871	179	51559	62.42	96.22	5.21	43	0	Bacteria
TARA_RED_MAG_00022	3655333	42	188874	51.33	96.34	5.63	43	0	Bacteria
TARA_RED_MAG_00023	1532452	27	93475	30.60	93.78	3.24	41	0	Bacteria
TARA_RED_MAG_00024	4064886	233	28824	54.82	96.58	6.13	43	0	Bacteria
TARA_RED_MAG_00025	2082691	191	15963	44.16	94.45	4.34	41	1	Bacteria
TARA_RED_MAG_00026	3586771	325	14968	58.60	95.23	5.41	43	0	Bacteria
TARA_RED_MAG_00027	967104	34	48392	29.92	94.99	5.29	43	0	Bacteria
TARA_RED_MAG_00028	1208415	35	74717	33.60	93.20	3.75	41	1	Bacteria
TARA_RED_MAG_00029	1969490	315	7258	41.38	90.00	0.92	40	0	Bacteria
TARA_RED_MAG_00030	4023354	151	43321	66.84	95.86	6.79	41	1	Bacteria
TARA_RED_MAG_00031	1182310	16	207728	40.86	93.07	4.20	41	0	Bacteria
TARA_RED_MAG_00032	4199784	433	13166	62.94	90.89	2.26	42	0	Bacteria
TARA_RED_MAG_00033	1522479	34	71319	38.84	92.15	3.97	39	0	Bacteria
TARA_RED_MAG_00034	2440868	84	42715	53.55	91.92	3.75	42	0	Bacteria
TARA_RED_MAG_00035	1182977	74	32011	24.96	93.25	5.82	43	0	Bacteria
TARA_RED_MAG_00036	5793787	323	29040	62.28	92.85	5.44	42	0	Bacteria
TARA_RED_MAG_00037	2018209	245	10199	52.48	92.99	5.99	41	0	Bacteria
TARA_RED_MAG_00038	1318137	137	12397	31.63	93.97	7.01	41	1	Bacteria
TARA_RED_MAG_00039	1880932	167	16305	46.26	91.52	4.89	39	1	Bacteria
TARA_RED_MAG_00040	2112073	248	11173	54.69	91.55	5.10	37	0	Bacteria
TARA_RED_MAG_00041	2113769	76	57468	53.37	90.31	3.93	41	0	Bacteria
TARA_RED_MAG_00042	1689602	150	17673	31.86	86.88	0.63	37	0	Bacteria
TARA_RED_MAG_00043	1626385	261	7748	40.87	89.54	3.78	37	2	Bacteria
TARA_RED_MAG_00044	1286805	95	21924	35.95	88.96	3.35	42	0	Bacteria
TARA_RED_MAG_00045	2493810	335	8932	42.69	87.99	2.75	37	1	Bacteria
TARA_RED_MAG_00046	1522052	202	9969	28.98	88.54	3.42	37	0	Bacteria
TARA_RED_MAG_00047	2014207	19	516159	40.97	87.52	2.72	40	0	Bacteria
TARA_RED_MAG_00048	2804542	123	39082	59.77	88.48	3.78	38	0	Bacteria
TARA_RED_MAG_00050	5396596	640	10721	60.65	89.60	5.03	40	0	Bacteria
TARA_RED_MAG_00051	1519328	167	11941	27.99	86.47	3.25	37	0	Bacteria
TARA_RED_MAG_00052	1198370	61	34896	33.37	84.38	1.25	35	0	Bacteria
TARA_RED_MAG_00053	1204038	122	14077	33.80	86.58	3.53	38	0	Bacteria
TARA_RED_MAG_00054	1859610	98	29960	44.61	85.49	3.57	43	0	Bacteria
TARA_RED_MAG_00056	1204778	147	10530	34.19	86.04	4.74	38	0	Bacteria
TARA_RED_MAG_00057	5339993	629	10779	57.62	83.90	2.87	34	0	Bacteria
TARA_RED_MAG_00058	2210067	237	12179	34.65	82.75	2.35	37	0	Bacteria
TARA_RED_MAG_00059	993069	83	16056	29.65	81.38	1.93	33	3	Bacteria
TARA_RED_MAG_00060	3809448	400	13622	58.51	83.97	4.67	39	0	Bacteria
TARA_RED_MAG_00061	1643467	231	8372	43.60	83.51	4.33	35	0	Bacteria
TARA_RED_MAG_00063	2808044	382	9096	61.20	83.37	5.33	41	0	Bacteria
TARA_RED_MAG_00064	1443958	180	10820	42.15	81.80	3.83	32	1	Bacteria
TARA_RED_MAG_00065	1366999	111	22446	51.43	78.84	1.95	39	1	Bacteria
TARA_RED_MAG_00066	1134492	82	24193	47.41	78.73	2.17	37	1	Bacteria
TARA_RED_MAG_00067	1889920	355	5832	53.55	79.52	3.49	35	1	Bacteria
TARA_RED_MAG_00068	1088927	178	7227	31.27	77.47	1.91	39	0	Bacteria
TARA_RED_MAG_00069	1204139	44	73875	45.31	75.29	0.23	34	0	Bacteria
TARA_RED_MAG_00070	1580741	165	13676	44.77	76.58	1.54	34	2	Bacteria
TARA_RED_MAG_00071	2057091	338	7128	57.53	78.18	3.38	35	1	Bacteria
TARA_RED_MAG_00073	372010	41	9000	31.34	76.64	2.46	41	0	Bacteria
TARA_RED_MAG_00074	1989264	429	4815	51.96	75.81	1.65	38	0	Bacteria
TARA_RED_MAG_00075	831198	22	95775	31.23	74.85	1.36	37	0	Bacteria
TARA_RED_MAG_00076	1865826	262	8646	61.50	75.54	2.21	35	0	Bacteria
TARA_RED_MAG_00077	911956	24	132055	43.03	73.48	0.63	36	0	Bacteria
TARA_RED_MAG_00078	4310680	854	5532	52.22	78.80	6.46	34	1	Bacteria
TARA_RED_MAG_00080	599984	35	24380	33.52	75.73	3.53	36	1	Bacteria
TARA_RED_MAG_00081	4159930	653	7387	67.96	74.29	2.13	32	0	Bacteria
TARA_RED_MAG_00082	946334	92	12600	35.63	72.54	0.58	30	0	Bacteria
TARA_RED_MAG_00083	1203399	188	7005	45.86	79.16	7.28	34	0	Bacteria
TARA_RED_MAG_00084	5144742	495	14063	55.98	80.03	8.23	37	1	Bacteria
TARA_RED_MAG_00085	1812972	62	41356	58.87	73.26	2.35	40	0	Bacteria
TARA_RED_MAG_00086	1273133	60	33285	29.81	75.59	5.04	24	0	Bacteria
TARA_RED_MAG_00087	1483655	289	5463	43.46	77.36	6.96	36	3	Bacteria
TARA_RED_MAG_00089	489080	48	17184	29.74	72.10	2.18	39	0	Bacteria
TARA_RED_MAG_00091	2284967	391	6483	57.14	73.34	4.80	28	0	Bacteria
TARA_RED_MAG_00092	2069335	70	62936	35.46	71.99	3.46	30	0	Bacteria
TARA_RED_MAG_00093	6139921	335	29219	56.37	72.98	6.35	29	0	Bacteria
TARA_RED_MAG_00094	2522684	519	5134	51.80	68.71	2.79	28	0	Bacteria
TARA_RED_MAG_00095	1225469	122	16127	28.43	73.86	7.98	25	0	Bacteria
TARA_RED_MAG_00096	2055416	445	4400	42.78	67.32	1.91	33	0	Bacteria
TARA_RED_MAG_00097	2016806	486	4178	62.86	67.14	2.84	26	1	Bacteria
TARA_RED_MAG_00098	2227220	397	6572	50.63	65.31	1.72	32	0	Bacteria
TARA_RED_MAG_00099	2023840	364	6300	33.80	65.87	3.38	28	1	Bacteria
TARA_RED_MAG_00100	2061494	511	4067	48.82	60.67	0.85	29	1	Bacteria
TARA_RED_MAG_00101	2501429	555	4513	62.27	63.44	3.72	24	0	Bacteria
TARA_RED_MAG_00102	2168506	408	5647	58.08	54.28	2.05	22	0	Bacteria
TARA_RED_MAG_00103	2983347	440	8008	62.59	58.27	6.76	18	3	Bacteria
TARA_RED_MAG_00104	2927257	496	6485	57.30	53.51	2.37	24	0	Bacteria
TARA_RED_MAG_00105	2068332	380	5835	65.18	52.02	1.61	12	0	Bacteria
TARA_RED_MAG_00106	2443502	517	4879	38.99	51.83	1.61	16	0	Bacteria
TARA_RED_MAG_00107	2566664	497	5637	63.39	50.68	2.05	18	0	Bacteria
TARA_RED_MAG_00108	2063185	371	6049	52.13	51.33	2.80	25	0	Bacteria
TARA_RED_MAG_00109	2708472	105	41167	62.89	49.71	3.46	10	0	Bacteria
TARA_RED_MAG_00110	2154784	15	219019	39.79	48.09	3.46	10	0	Bacteria
TARA_RED_MAG_00111	2205644	384	6331	63.70	38.66	0.00	22	0	Bacteria
TARA_RED_MAG_00113	2497024	542	4741	58.52	30.07	0.00	10	0	Bacteria
TARA_RED_MAG_00115	2184876	474	4770	48.47	31.66	4.70	18	0	Bacteria
TARA_RED_MAG_00117	3555685	95	81794	59.22	22.93	2.61	1	0	Bacteria
TARA_RED_MAG_00120	2288213	535	4309	63.53	15.83	3.02	3	0	Bacteria
TARA_RED_MAG_00121	3274009	540	6769	59.95	14.20	1.85	1	0	Bacteria
TARA_RED_MAG_00122	2449984	619	3823	26.77	5.60	0.58	2	0	Bacteria
TARA_RED_MAG_00123	2096511	139	31520	28.00	1.57	0.76	0	0	Bacteria
TARA_SOC_MAG_00001	2320476	23	140807	47.54	98.69	4.20	43	0	Bacteria
TARA_SOC_MAG_00002	4429622	109	60000	48.74	96.52	4.20	43	0	Bacteria
TARA_SOC_MAG_00003	1857767	98	25729	42.45	95.82	4.38	42	0	Bacteria
TARA_SOC_MAG_00004	2708830	120	29057	36.10	95.00	3.93	42	0	Bacteria
TARA_SOC_MAG_00005	1615633	62	44901	37.02	94.29	3.35	41	0	Bacteria
TARA_SOC_MAG_00006	1648770	103	19206	38.12	86.08	0.74	40	0	Bacteria
TARA_SOC_MAG_00007	2918716	242	14088	46.09	87.12	6.14	39	0	Bacteria
TARA_SOC_MAG_00008	1150357	63	24311	29.72	78.90	1.25	28	0	Bacteria
TARA_SOC_MAG_00009	2111948	194	12858	66.62	74.64	2.88	32	1	Bacteria
TARA_SOC_MAG_00010	2051317	181	13112	52.51	71.21	3.65	30	7	Bacteria
TARA_SOC_MAG_00011	2520155	162	20867	30.13	59.45	3.65	17	0	Bacteria
TARA_SOC_MAG_00012	3253762	193	20940	37.30	50.70	4.11	12	0	Bacteria
TARA_RED_MAG_00018	1103886	22	86016	40.35	95.06	3.70	43	0	Archaea
TARA_RED_MAG_00021	1185789	68	33596	41.74	93.83	3.09	43	0	Archaea
TARA_PSW_MAG_00043	1777024	163	15767	62.66	87.04	0.62	41	0	Archaea
TARA_ANE_MAG_00019	1848764	110	28505	48.57	87.04	0.62	40	0	Archaea
TARA_ANE_MAG_00027	1919013	108	29663	60.98	84.57	1.85	40	0	Archaea
TARA_ASW_MAG_00011	1963677	138	22355	42.40	86.42	0.62	40	0	Archaea
TARA_MED_MAG_00053	1787286	132	21666	39.79	86.42	1.23	40	0	Archaea
TARA_MED_MAG_00075	1351578	35	60000	46.62	82.10	0.62	40	0	Archaea
TARA_MED_MAG_00079	1714244	190	11970	48.30	82.72	1.85	40	0	Archaea
TARA_MED_MAG_00080	1770335	107	29843	48.88	81.48	0.62	40	0	Archaea
TARA_ANW_MAG_00045	1634296	208	10029	41.85	75.93	2.47	39	0	Archaea
TARA_ION_MAG_00034	1322373	146	12719	49.91	77.78	0.00	39	0	Archaea
TARA_ION_MAG_00040	1198561	159	9550	50.26	75.93	1.23	39	1	Archaea
TARA_IOS_MAG_00022	1336692	105	17568	38.03	85.80	1.85	39	0	Archaea
TARA_IOS_MAG_00030	1231962	43	45457	40.77	79.63	0.62	39	0	Archaea
TARA_PSW_MAG_00055	1658583	135	18213	35.02	83.95	1.85	39	0	Archaea
TARA_RED_MAG_00049	1574382	220	8961	51.19	86.42	1.85	39	0	Archaea
TARA_ANE_MAG_00030	1649495	152	14991	34.08	83.95	2.47	38	1	Archaea
TARA_ANE_MAG_00042	1899402	132	20505	46.17	80.25	2.47	38	0	Archaea
TARA_ANW_MAG_00024	1809221	148	22661	45.54	85.80	1.85	38	1	Archaea
TARA_ASE_MAG_00009	1010836	143	7942	51.54	74.69	0.62	38	1	Archaea
TARA_ASW_MAG_00013	1237920	92	23434	52.57	82.10	1.23	38	0	Archaea
TARA_PSE_MAG_00061	1636630	164	13747	44.79	82.10	4.32	38	2	Archaea
TARA_PSE_MAG_00064	1246404	54	38562	52.08	77.16	0.00	38	0	Archaea
TARA_PSW_MAG_00057	1441360	29	104022	50.29	82.10	0.62	38	0	Archaea
TARA_PSW_MAG_00073	1142874	172	7893	53.54	79.01	1.23	38	1	Archaea
TARA_PSW_MAG_00101	1348179	190	8215	42.63	70.37	2.47	38	0	Archaea
TARA_ASW_MAG_00017	1831334	157	17061	42.82	77.16	1.23	37	1	Archaea
TARA_ASW_MAG_00019	1514619	178	10076	42.11	77.78	3.09	37	2	Archaea
TARA_IOS_MAG_00039	1270583	130	14363	48.62	78.40	2.47	37	0	Archaea
TARA_MED_MAG_00060	1624172	266	7031	54.15	86.42	2.47	37	3	Archaea
TARA_PON_MAG_00049	952287	62	23904	57.49	71.60	0.00	37	0	Archaea
TARA_RED_MAG_00055	1823078	123	27668	42.71	82.72	1.23	37	1	Archaea
TARA_RED_MAG_00088	1376252	145	13318	50.20	76.54	6.17	37	1	Archaea
TARA_ANE_MAG_00055	1540581	263	6759	48.07	75.31	0.62	36	0	Archaea
TARA_ASE_MAG_00011	1465240	292	5268	39.49	75.93	3.09	36	1	Archaea
TARA_IOS_MAG_00038	1551590	269	6391	44.38	77.16	1.23	36	0	Archaea
TARA_MED_MAG_00109	914441	112	10439	36.30	75.31	3.70	36	1	Archaea
TARA_ANE_MAG_00024	1885787	95	38546	42.92	84.57	1.23	35	0	Archaea
TARA_ANE_MAG_00052	1252467	109	16934	51.66	75.93	0.62	35	0	Archaea
TARA_ASE_MAG_00016	1345578	202	8356	47.38	75.93	6.17	35	4	Archaea
TARA_IOS_MAG_00045	1184019	149	10357	48.64	74.07	0.62	35	0	Archaea
TARA_MED_MAG_00095	1413342	42	57016	49.07	77.16	0.62	35	0	Archaea
TARA_PON_MAG_00033	1836981	83	39849	46.16	79.63	1.23	35	0	Archaea
TARA_PON_MAG_00045	1212721	122	13050	47.37	74.69	0.62	35	1	Archaea
TARA_PSW_MAG_00056	1859782	157	16994	56.04	83.95	2.47	35	0	Archaea
TARA_PSW_MAG_00086	1907850	254	8987	41.71	76.54	3.70	35	0	Archaea
TARA_RED_MAG_00062	1266249	176	8530	38.06	82.10	3.70	35	0	Archaea
TARA_RED_MAG_00079	1138567	123	13779	53.15	73.46	1.23	35	0	Archaea
TARA_RED_MAG_00090	1631684	187	11082	39.73	71.60	2.47	35	0	Archaea
TARA_ANE_MAG_00063	1138287	48	36763	47.64	70.37	0.00	34	0	Archaea
TARA_ASW_MAG_00021	1145839	205	6322	48.13	73.46	3.09	34	3	Archaea
TARA_ASW_MAG_00024	1087680	145	10078	50.84	74.07	4.94	34	2	Archaea
TARA_ION_MAG_00033	1506618	106	25337	36.00	79.63	0.62	34	1	Archaea
TARA_ION_MAG_00044	1274556	107	18494	47.01	74.69	1.23	34	0	Archaea
TARA_ANE_MAG_00065	1552464	230	8232	39.78	72.22	3.09	33	0	Archaea
TARA_ANW_MAG_00043	1179335	129	12574	47.67	75.93	1.85	33	2	Archaea
TARA_PON_MAG_00047	1216384	102	22300	47.82	77.78	4.32	33	1	Archaea
TARA_PSE_MAG_00070	1139897	69	21472	39.48	76.54	1.85	33	0	Archaea
TARA_PSW_MAG_00102	1513205	267	6370	58.29	70.37	2.47	33	0	Archaea
TARA_ANW_MAG_00033	1323836	91	24621	47.82	79.01	0.62	32	0	Archaea
TARA_ANW_MAG_00046	1302485	112	18622	52.68	74.69	1.85	32	0	Archaea
TARA_IOS_MAG_00047	1626217	213	8668	43.59	72.84	0.62	32	1	Archaea
TARA_ASE_MAG_00018	1430533	243	6857	54.61	70.37	1.23	31	0	Archaea
TARA_PSW_MAG_00075	1416115	79	26221	50.06	78.40	1.23	31	0	Archaea
TARA_RED_MAG_00072	1635506	211	9607	40.98	77.16	2.47	31	0	Archaea
TARA_PSW_MAG_00094	1766006	171	14407	44.94	71.60	0.62	29	1	Archaea
TARA_ANW_MAG_00047	1210184	127	13412	48.57	73.46	1.23	27	0	Archaea
TARA_ASE_MAG_00026	8405240	2374	3469	71.87	28.40	4.32	11	1	Euk
TARA_IOS_MAG_00073	4370095	1346	3147	71.10	23.82	3.22	8	3	Euk
TARA_ASE_MAG_00037	2448483	466	5709	52.74	6.33	8.93	1	5	Euk
TARA_ION_MAG_00072	13667814	1225	15827	48.19	78.40	64.20	12	30	Euk
TARA_PSE_MAG_00140	12657102	1758	8760	48.15	81.80	61.97	13	29	Euk
TARA_PON_MAG_00078	10631134	2007	5751	48.11	70.69	43.18	13	24	Euk
TARA_RED_MAG_00114	9255642	2042	4636	48.18	61.93	34.75	11	20	Euk
TARA_ASW_MAG_00035	9066357	2036	4545	48.29	57.66	37.07	15	16	Euk
TARA_PON_MAG_00074	8988534	1953	4782	48.56	57.60	24.94	17	15	Euk
TARA_ANE_MAG_00088	8390428	1900	4500	48.12	61.02	30.14	13	20	Euk
TARA_ANW_MAG_00071	8349014	1956	4337	48.11	56.56	27.35	14	16	Euk
TARA_ANE_MAG_00086	7749457	1911	4069	48.56	52.35	17.29	18	12	Euk
TARA_ASE_MAG_00024	5868632	1516	3857	48.87	40.74	12.35	14	10	Euk
TARA_ASE_MAG_00030	2790069	741	3772	48.56	19.29	0.68	10	2	Euk
TARA_IOS_MAG_00074	2769398	819	3297	47.66	28.40	9.88	7	7	Euk
TARA_ANW_MAG_00088	19914044	1780	16034	70.97	77.78	75.93	12	30	Euk
TARA_ANE_MAG_00101	19009552	1574	17015	69.44	83.95	83.95	12	30	Euk
TARA_ANW_MAG_00080	17700320	1996	11312	67.88	74.07	62.35	19	22	Euk
TARA_RED_MAG_00119	15250294	2454	7069	66.11	70.99	56.17	11	26	Euk
TARA_ASE_MAG_00032	12391309	2400	5633	64.08	55.56	40.12	10	21	Euk
TARA_IOS_MAG_00071	11772798	2405	5111	65.60	67.28	40.12	13	18	Euk
TARA_ANW_MAG_00074	9401388	2358	3977	65.69	48.77	24.69	15	13	Euk
TARA_ANE_MAG_00090	5559939	1475	3654	63.85	32.10	7.41	12	3	Euk
TARA_ASW_MAG_00039	3501361	727	4748	66.21	16.05	1.50	9	1	Euk
TARA_ASW_MAG_00034	3334468	681	4828	63.31	27.65	6.42	14	2	Euk
TARA_ANW_MAG_00075	2699399	592	4604	63.06	23.22	3.67	8	0	Euk
TARA_ANW_MAG_00081	2279971	587	3820	64.69	13.07	1.50	8	0	Euk
TARA_ASW_MAG_00037	2179362	406	5605	61.50	17.90	2.47	2	0	Euk
TARA_ANE_MAG_00099	2133633	611	3413	64.85	7.74	0.18	1	0	Euk
TARA_ION_MAG_00066	22651752	5543	4093	41.18	54.22	18.01	21	9	Euk
TARA_ASW_MAG_00046	18057117	1204	20462	56.62	79.63	76.54	12	29	Euk
TARA_ASW_MAG_00036	15773077	3863	4096	63.94	36.35	16.26	18	4	Euk
TARA_MED_MAG_00141	14084407	3238	4347	33.16	38.89	14.81	7	11	Euk
TARA_RED_MAG_00112	13083156	2921	4610	52.66	59.92	28.62	21	11	Euk
TARA_PSE_MAG_00137	12785141	3368	3732	33.96	29.31	7.79	9	9	Euk
TARA_ASW_MAG_00042	11827969	3066	3809	54.73	21.60	9.88	6	7	Euk
TARA_ANE_MAG_00091	11715560	3076	3721	34.17	24.97	5.92	10	10	Euk
TARA_IOS_MAG_00068	11476843	3199	3475	62.69	36.38	4.32	16	1	Euk
TARA_PSE_MAG_00136	10026991	2916	3353	65.47	28.82	7.16	13	3	Euk
TARA_ASW_MAG_00032	8278232	1462	6203	57.70	34.25	8.98	10	3	Euk
TARA_ASW_MAG_00038	8144493	2052	3935	69.36	15.43	0.62	12	0	Euk
TARA_PSW_MAG_00131	7879370	1920	4097	70.13	36.34	12.75	11	10	Euk
TARA_ION_MAG_00071	6917290	1922	3504	43.62	27.36	4.50	13	5	Euk
TARA_MED_MAG_00140	6745678	1411	4972	32.98	27.16	3.09	13	0	Euk
TARA_PON_MAG_00079	6126826	1767	3355	34.84	30.08	4.04	15	7	Euk
TARA_ION_MAG_00068	5489603	1422	3825	59.63	55.99	22.16	15	16	Euk
TARA_ASW_MAG_00045	5325726	1559	3298	63.64	11.11	3.09	3	0	Euk
TARA_ASW_MAG_00047	4995411	1432	3424	62.61	1.85	0.62	2	0	Euk
TARA_ASW_MAG_00041	4365563	880	5374	60.00	17.90	4.94	6	2	Euk
TARA_PSW_MAG_00133	4053059	1074	3544	69.32	19.51	1.66	9	2	Euk
TARA_ION_MAG_00073	4042279	1050	3616	68.88	16.67	3.70	6	2	Euk
TARA_PSW_MAG_00135	3998261	1243	3097	63.95	10.79	0.00	8	0	Euk
TARA_SOC_MAG_00014	3265146	450	6909	37.13	4.32	1.85	0	1	Euk
TARA_PSE_MAG_00149	3194969	910	3357	68.80	12.35	4.48	6	5	Euk
TARA_PSE_MAG_00129	3144407	897	3384	57.05	34.61	6.21	15	4	Euk
TARA_IOS_MAG_00075	2967592	692	4358	69.07	19.27	1.84	9	2	Euk
TARA_IOS_MAG_00076	2867483	848	3208	71.28	9.26	0.62	2	0	Euk
TARA_PSE_MAG_00147	2737533	700	3768	68.39	13.39	1.08	6	2	Euk
TARA_ANW_MAG_00084	2677074	873	2983	57.67	7.80	0.18	5	0	Euk
TARA_SOC_MAG_00013	2637375	406	6305	45.61	3.70	0.00	1	0	Euk
TARA_ASE_MAG_00033	2625458	819	3061	65.87	9.28	1.54	5	1	Euk
TARA_PON_MAG_00083	2623443	778	3261	64.29	17.74	0.18	11	0	Euk
TARA_ASW_MAG_00040	2459457	760	3155	34.16	14.20	1.23	10	0	Euk
TARA_ANE_MAG_00098	2344935	686	3237	71.45	7.62	0.00	2	0	Euk
TARA_ANW_MAG_00085	2258924	680	3146	70.89	7.71	0.54	2	0	Euk
TARA_MED_MAG_00143	2243540	637	3402	51.53	13.86	1.16	6	3	Euk
TARA_ANW_MAG_00083	2134347	471	4571	68.31	13.58	4.32	4	2	Euk
TARA_ANE_MAG_00097	2132135	496	4483	68.40	14.20	4.32	5	2	Euk
TARA_ANW_MAG_00079	2106847	658	3081	49.71	17.28	3.09	9	0	Euk
TARA_IOS_MAG_00078	2099809	579	3510	37.81	6.79	3.70	2	3	Euk
TARA_IOS_MAG_00077	2022702	630	3099	33.86	7.41	0.00	3	0	Euk
TARA_ASW_MAG_00043	2016995	521	3928	62.60	11.11	0.00	4	0	Euk
TARA_ASE_MAG_00035	2004217	581	3262	71.14	5.49	0.18	1	0	Euk
TARA_PSW_MAG_00136	11885609	592	32736	60.63	79.01	70.37	13	28	Euk
TARA_ASE_MAG_00036	11537750	1089	14040	61.35	76.54	74.07	12	30	Euk
TARA_ANW_MAG_00086	11510209	1257	11691	61.25	78.40	73.46	12	30	Euk
TARA_RED_MAG_00118	10110290	490	31872	61.68	70.99	53.09	14	24	Euk
TARA_ANE_MAG_00093	9555746	1883	5521	60.12	69.75	51.23	13	23	Euk
TARA_ANW_MAG_00078	9169570	1740	5674	60.80	72.96	54.95	10	27	Euk
TARA_IOS_MAG_00072	8903746	1780	5299	60.60	78.42	57.02	13	26	Euk
TARA_PON_MAG_00082	8114168	1743	4955	60.21	62.35	40.74	12	25	Euk
TARA_RED_MAG_00116	2042466	106	29219	54.75	25.93	5.56	8	5	Euk
TARA_ANE_MAG_00100	2028999	417	5170	24.38	6.22	1.75	0	0	Problematic
TARA_ASE_MAG_00034	2555296	493	5594	39.65	11.43	4.58	6	6	Problematic
TARA_ASW_MAG_00048	2140724	424	5424	35.85	0.62	0.00	0	0	Problematic
TARA_ASW_MAG_00049	4462837	807	6301	36.52	0.62	0.00	0	0	Problematic
TARA_ASW_MAG_00050	2546180	521	5311	23.83	7.13	8.35	1	9	Problematic
TARA_MED_MAG_00144	2650508	453	6738	35.96	0.18	0.00	0	0	Problematic
TARA_PON_MAG_00089	3256010	748	4273	35.54	6.79	2.47	6	2	Problematic
TARA_PON_MAG_00090	2218598	285	12767	37.70	3.70	0.00	0	0	Problematic
TARA_PON_MAG_00091	2576957	421	7175	35.69	1.35	1.08	0	0	Problematic
TARA_PON_MAG_00092	2807922	607	4573	36.06	0.18	0.18	0	0	Problematic
TARA_PSE_MAG_00151	2127209	247	11777	23.48	3.20	0.90	0	0	Problematic